116 20
112 24
110 24
109 25
108 25
106 27
104 27
103 28
102 28
100 30
100 31
99 32
99 33
100 34
100 38
99 39
98 39
95 42
91 42
90 43
89 43
87 45
86 45
84 47
82 45
82 42
78 42
77 43
76 43
74 45
74 46
73 47
73 49
72 50
72 52
70 54
69 54
66 51
66 48
64 46
64 45
62 43
60 43
58 45
58 47
56 49
54 47
54 45
53 44
53 43
52 42
50 42
48 44
48 47
47 48
46 48
44 50
44 51
43 52
43 54
41 56
39 56
35 52
35 51
31 47
30 47
29 46
28 46
27 45
26 45
25 44
21 44
20 45
20 46
19 47
19 48
18 49
18 50
16 52
16 53
15 54
14 54
14 55
13 56
10 56
10 59
11 60
11 61
13 63
13 64
14 64
19 69
19 70
21 72
21 74
22 75
22 76
23 77
24 77
25 78
25 79
26 80
26 86
27 87
30 87
31 86
31 85
33 83
34 84
34 86
36 86
37 87
37 89
38 90
34 94
34 96
35 97
34 98
34 100
33 101
33 105
35 107
35 108
36 109
36 111
40 115
40 117
41 118
43 118
45 120
45 121
46 122
47 122
48 123
51 123
52 122
53 122
57 126
58 126
60 128
61 128
63 126
63 124
64 123
64 122
66 120
67 120
68 119
72 119
75 116
76 116
77 117
78 117
84 123
85 123
86 124
86 125
88 127
90 127
92 129
86 135
85 135
84 136
84 139
85 140
88 140
89 139
90 139
91 138
92 138
93 139
92 140
92 141
91 142
91 145
93 147
94 147
95 148
96 148
97 149
98 149
99 150
101 150
103 152
103 153
102 154
102 155
99 158
99 161
95 165
94 165
93 166
93 167
92 168
92 169
91 170
89 170
88 169
86 169
85 168
83 168
82 167
74 167
73 168
72 168
72 172
73 173
73 174
71 176
71 177
68 180
67 180
66 181
66 183
68 185
69 185
70 186
72 186
73 187
74 187
78 191
79 191
84 196
86 196
92 202
93 202
94 203
95 203
96 204
99 204
100 205
102 205
103 206
104 206
105 207
106 207
107 208
108 208
109 209
109 210
108 211
108 212
107 213
107 218
108 219
108 220
109 221
109 222
112 225
113 225
114 226
114 227
115 228
116 228
117 229
119 229
121 231
121 232
122 233
122 234
125 237
124 238
124 239
125 240
125 241
127 243
127 245
128 246
128 247
131 250
132 250
133 251
133 252
136 255
136 256
139 259
139 260
145 266
146 266
146 265
147 264
148 265
148 267
149 268
149 270
150 271
150 272
152 274
152 275
153 276
154 276
156 278
156 286
157 287
157 290
160 293
160 297
161 298
164 298
166 296
167 296
168 297
168 299
169 300
169 301
171 303
174 303
177 306
177 309
178 309
179 310
180 310
183 313
186 313
187 312
188 313
188 316
187 317
187 318
186 319
185 319
184 320
183 320
182 321
181 321
179 323
179 324
180 325
180 327
182 329
182 330
183 331
183 332
185 334
185 335
188 335
190 337
190 338
192 340
193 340
194 341
194 351
192 353
190 353
189 354
189 356
190 357
190 358
192 360
192 361
191 362
191 365
192 366
192 372
191 373
191 376
187 380
187 384
186 385
186 388
185 389
185 394
189 398
188 399
188 403
190 405
190 406
191 407
191 408
193 410
193 413
194 414
194 422
193 423
193 424
192 425
192 426
191 427
191 428
190 429
190 431
189 432
189 438
190 439
190 440
191 441
191 442
192 443
192 449
193 450
193 455
192 456
192 458
191 459
191 460
187 464
186 463
185 463
184 462
181 462
180 463
179 463
170 472
164 472
162 474
161 474
159 476
152 476
152 478
151 479
151 485
149 487
148 487
147 486
146 486
145 485
142 485
141 484
137 484
135 486
135 487
134 488
130 488
130 491
131 492
131 493
132 494
132 498
131 499
131 502
132 503
132 504
136 508
136 509
137 510
139 510
142 513
142 515
141 516
141 521
140 522
139 522
136 519
132 519
129 516
129 513
125 513
123 515
122 515
121 516
120 515
115 515
111 519
110 519
109 518
107 518
105 516
102 516
101 517
101 520
102 521
102 525
101 526
100 526
97 529
97 530
94 533
90 533
89 532
85 532
84 533
83 533
83 534
80 537
79 536
78 536
78 539
80 539
81 540
81 543
82 544
83 544
84 545
84 549
86 549
89 546
91 546
93 548
93 549
95 551
98 551
99 552
100 552
102 554
102 555
101 556
100 556
99 557
99 558
98 559
97 559
96 560
95 560
95 561
94 562
94 565
93 566
93 572
92 573
92 585
91 586
91 603
92 603
93 604
92 605
92 607
90 609
89 609
89 611
90 611
91 612
95 612
96 611
97 611
98 610
101 610
102 609
103 609
104 608
104 607
107 604
109 604
110 603
110 602
111 601
111 600
112 599
112 597
113 596
113 595
114 594
114 593
117 590
118 590
119 589
121 589
122 588
124 588
125 587
126 587
127 586
128 586
129 585
130 585
131 584
133 584
134 583
135 583
136 582
138 582
139 581
141 581
142 580
143 580
143 577
144 576
144 575
145 574
146 574
146 572
147 571
148 572
148 573
153 573
156 570
156 565
154 563
154 561
155 560
156 561
160 561
160 558
159 557
159 556
160 555
160 554
161 553
163 553
164 552
164 548
163 547
164 546
164 545
163 544
164 543
164 540
165 539
166 539
167 538
168 539
171 539
171 538
170 537
171 536
172 536
173 537
175 537
176 538
174 540
174 542
176 542
178 540
182 540
182 539
183 538
184 538
185 537
187 537
188 536
189 536
190 535
191 535
196 530
199 530
201 528
202 528
204 526
205 526
206 527
208 527
209 526
209 523
210 522
210 521
211 520
211 519
212 518
214 518
215 517
217 517
218 518
219 518
220 517
220 515
221 514
223 514
226 511
226 510
228 508
231 508
232 507
235 507
235 505
239 501
240 502
244 502
244 493
246 491
249 491
250 490
250 488
251 487
251 486
252 485
252 483
251 482
251 481
252 480
253 480
254 479
254 476
252 474
252 473
251 472
251 471
252 470
252 468
253 467
255 467
255 465
253 465
252 466
251 465
251 463
253 461
254 461
254 460
255 459
255 458
254 457
254 455
253 454
253 453
251 451
251 450
254 447
255 448
257 448
258 449
258 450
257 451
256 450
255 450
255 452
257 454
259 454
259 453
258 452
259 451
260 451
260 448
259 447
259 446
257 444
257 442
259 440
260 440
260 438
258 436
258 435
257 434
257 433
256 432
256 431
254 429
254 424
253 423
254 422
254 420
253 420
252 419
253 418
254 418
255 417
255 416
254 415
254 414
253 413
254 412
254 411
255 410
256 410
256 409
255 409
255 410
254 411
252 409
252 405
253 404
254 404
254 399
253 398
253 394
252 393
252 392
251 391
251 388
250 387
250 383
248 381
248 380
247 379
247 376
246 375
246 374
245 373
246 372
246 365
245 364
245 363
242 360
242 359
241 358
241 357
240 356
240 351
239 350
239 348
241 346
241 345
240 345
239 344
239 342
238 341
238 340
237 339
237 338
234 338
232 336
231 336
230 335
230 334
228 332
228 331
225 328
225 327
224 326
224 325
223 324
223 323
222 322
222 320
221 320
220 319
220 318
217 315
217 313
218 312
219 312
219 310
218 310
217 309
215 309
214 308
214 307
213 307
209 303
209 302
207 302
206 301
205 301
204 300
204 299
203 298
202 298
197 293
196 293
195 294
193 292
193 291
191 289
190 289
187 286
186 286
184 284
184 283
177 276
177 274
176 273
176 272
172 268
171 268
162 259
162 258
160 256
160 255
158 253
158 252
157 251
157 250
156 249
156 248
155 247
155 246
154 245
154 244
153 243
154 242
154 241
155 240
155 236
154 235
154 234
153 233
153 232
152 231
150 231
149 230
149 229
146 226
145 226
144 225
142 225
138 221
138 220
135 217
135 216
134 215
134 214
132 212
132 211
131 210
131 206
130 205
130 204
128 202
128 201
126 199
126 198
125 197
125 194
127 192
128 192
129 191
129 188
130 187
130 186
131 185
131 180
132 179
132 176
131 175
132 174
132 170
135 167
135 165
136 164
136 163
137 162
137 158
138 157
139 157
140 158
141 158
142 157
144 157
150 151
150 150
151 149
151 148
152 147
155 147
156 146
158 146
158 145
159 144
159 142
158 141
159 140
159 136
158 135
159 134
159 132
160 131
162 131
162 130
165 127
165 125
164 124
165 123
167 123
168 124
168 125
169 125
170 124
173 127
175 127
175 126
176 125
178 125
178 124
180 122
180 120
179 120
178 121
178 123
177 124
176 124
175 123
174 123
173 122
170 122
169 123
168 122
168 121
169 120
169 119
170 118
174 118
174 117
175 116
176 117
176 118
180 118
182 116
184 116
185 117
184 118
183 118
183 119
184 119
185 118
186 119
186 120
185 121
185 122
184 123
184 124
186 124
186 121
187 120
188 120
189 121
189 123
190 123
190 122
192 120
192 119
191 118
194 115
194 112
193 112
192 111
194 109
195 110
196 110
196 109
195 109
194 108
193 108
189 104
190 103
191 103
192 104
193 104
194 103
195 103
196 102
196 101
197 100
199 100
200 99
200 97
201 96
204 96
205 97
205 98
207 98
207 97
208 96
208 95
202 89
200 89
199 90
198 90
197 91
195 91
194 92
191 92
189 90
187 90
186 91
184 89
184 87
180 87
175 82
175 80
174 79
172 79
169 76
165 76
163 74
163 73
162 72
162 63
161 63
158 60
158 57
159 56
159 55
161 53
163 53
164 52
164 50
165 49
165 48
166 47
166 46
167 45
167 44
166 44
162 40
161 40
160 39
159 39
158 38
157 38
156 39
155 39
154 40
153 40
152 41
151 41
147 37
146 37
145 36
140 36
139 37
138 37
137 38
135 38
130 33
128 33
127 32
126 32
125 31
125 29
123 27
123 26
121 24
121 23
118 20
