407 399
407 401
406 402
405 402
404 403
404 407
403 408
403 413
402 414
401 413
401 405
398 405
398 415
397 416
396 415
396 405
393 405
393 406
392 407
391 406
391 405
385 405
385 406
384 407
384 417
385 418
385 419
387 419
389 421
391 421
391 418
392 417
393 417
395 419
400 419
400 418
401 417
402 418
402 419
403 419
404 420
406 420
407 419
414 419
414 415
415 414
416 415
416 418
417 419
420 419
420 405
417 405
417 406
416 407
415 406
415 405
411 405
411 406
410 407
408 405
408 403
409 402
409 400
408 399
