375 428
375 429
376 430
376 431
377 432
380 432
381 433
380 434
374 434
373 435
372 434
372 431
369 431
368 432
368 433
367 434
364 434
364 451
362 453
361 452
361 434
356 434
356 453
357 454
357 455
359 457
366 457
369 454
369 438
370 437
371 438
371 454
374 457
381 457
383 455
383 454
384 453
384 437
385 436
386 437
386 457
391 457
391 450
392 449
393 450
393 453
394 454
394 456
395 457
400 457
400 434
395 434
395 440
394 441
393 440
393 438
392 437
392 435
391 434
386 434
385 433
385 432
384 431
382 431
381 432
380 431
380 430
379 429
379 428
