117 2
116 3
114 3
113 4
112 4
109 7
106 7
105 8
104 8
104 9
103 10
103 11
102 12
102 16
103 17
100 20
99 20
97 22
92 22
91 23
89 23
88 24
87 24
86 25
86 27
85 28
84 28
83 27
82 27
81 26
80 26
79 25
79 24
77 22
75 22
74 23
74 25
71 28
71 29
70 30
70 32
68 34
67 34
62 29
62 28
59 25
58 25
57 24
56 24
56 27
54 29
54 30
53 31
52 31
50 29
50 28
49 27
49 26
47 24
45 24
37 32
37 34
35 36
34 36
32 34
31 34
29 32
28 32
24 28
23 28
21 26
20 26
19 25
18 25
17 24
14 24
13 25
12 25
12 26
9 29
9 30
4 35
3 35
3 36
2 37
2 41
8 47
8 48
13 53
13 54
15 56
15 57
17 59
17 60
18 61
18 64
20 66
20 67
21 68
21 69
22 69
24 67
24 66
25 65
25 64
24 63
24 62
25 61
26 61
28 63
29 63
32 66
32 73
29 76
29 77
28 78
28 82
27 83
27 87
33 93
33 94
37 98
38 98
39 99
39 100
40 100
41 101
43 101
44 102
48 102
50 104
51 104
52 105
53 105
56 108
58 108
60 106
61 106
64 103
65 103
66 102
67 102
67 101
68 100
69 100
69 99
70 98
72 98
73 97
77 97
78 96
79 97
80 97
82 99
83 99
88 104
89 104
90 105
90 106
92 108
92 109
93 109
94 110
92 112
91 112
89 114
87 114
85 116
85 117
87 119
92 119
93 120
94 120
95 121
95 122
97 124
97 127
101 127
104 130
104 133
105 134
104 135
104 136
103 137
102 137
102 138
101 139
100 139
99 140
98 140
98 141
100 143
100 144
98 146
96 146
91 151
89 151
88 150
88 149
87 148
85 148
84 147
82 147
81 146
71 146
70 147
70 150
73 153
73 154
69 158
69 159
67 161
66 161
65 162
65 163
66 163
67 164
68 164
70 166
71 166
72 167
73 167
74 168
76 168
79 171
80 171
83 174
84 174
85 175
87 175
93 181
94 181
95 182
100 182
101 183
102 183
103 184
105 184
106 185
107 185
108 186
110 186
113 189
113 190
114 191
112 193
112 196
111 197
111 198
112 199
112 200
115 203
115 204
116 205
116 206
117 207
117 208
118 208
119 209
122 209
123 210
125 210
126 211
127 211
129 213
129 214
130 215
130 216
131 217
131 223
132 224
132 225
134 227
135 227
139 231
139 232
140 233
141 233
142 234
142 235
145 238
145 239
147 241
148 241
150 243
150 244
151 244
152 245
156 245
157 246
157 248
162 253
162 254
166 258
166 263
165 264
165 267
166 268
166 269
167 270
167 271
169 273
169 274
170 275
170 276
172 278
176 278
176 276
177 275
180 278
180 279
183 282
185 282
186 283
186 284
187 284
189 286
190 286
192 288
193 288
194 289
195 289
197 291
199 291
201 293
201 294
199 296
199 298
197 300
194 300
193 301
192 301
191 302
191 304
192 305
192 307
195 310
195 311
200 316
201 316
202 317
203 317
207 321
207 322
210 325
210 328
208 330
207 330
206 331
206 332
205 333
204 333
204 339
206 341
205 342
204 342
204 353
203 354
203 356
202 357
201 357
199 359
199 363
198 364
198 374
201 377
201 387
202 388
203 388
205 390
205 391
208 394
208 398
207 399
207 403
206 404
206 405
204 407
204 414
203 415
203 418
204 419
203 420
201 420
201 426
205 426
206 427
206 428
207 429
207 430
208 431
208 433
206 435
206 436
205 437
205 440
204 441
203 441
200 444
197 444
196 443
194 443
193 444
190 444
190 445
188 447
187 447
185 449
185 450
183 452
181 452
180 453
179 453
178 454
176 454
175 455
168 455
167 456
162 456
161 457
161 459
162 460
162 464
163 465
163 467
162 468
158 468
157 467
156 467
155 466
155 465
153 465
152 464
146 464
145 465
143 465
143 466
142 467
142 469
141 470
138 470
137 471
137 473
138 474
138 475
139 475
141 477
141 479
139 481
139 484
142 487
143 487
146 490
146 491
147 492
150 492
151 493
151 497
150 498
150 499
151 500
151 502
148 505
147 505
143 501
143 500
142 500
141 501
139 501
137 499
137 498
136 497
136 496
135 495
132 495
130 497
122 497
121 498
120 498
119 499
119 500
118 501
116 501
115 500
114 500
113 499
112 499
111 498
109 498
109 501
107 503
107 506
100 513
93 513
92 514
90 514
89 515
88 515
87 516
86 516
86 517
84 519
84 521
85 522
85 523
87 525
87 528
88 529
93 529
94 528
98 528
100 530
100 531
101 531
103 533
104 533
105 534
106 534
107 535
107 537
106 538
104 538
102 540
102 542
101 543
101 544
99 546
99 547
98 548
98 565
97 566
97 567
96 568
96 583
98 585
98 586
93 591
93 592
94 593
101 593
102 592
104 592
106 590
107 590
108 589
109 589
110 588
111 588
116 583
116 582
117 581
117 578
118 577
118 576
119 575
119 574
123 570
124 570
126 568
132 568
133 567
136 567
137 566
139 566
140 565
142 565
143 564
145 564
146 563
147 563
148 562
148 560
150 558
150 554
149 553
149 552
148 551
148 550
146 548
147 547
149 547
151 549
151 550
152 551
154 551
156 553
157 553
158 554
159 554
161 552
162 552
163 551
164 551
166 549
166 547
164 545
163 545
162 544
162 543
161 542
161 540
160 539
161 538
162 538
163 539
164 539
167 542
169 542
169 539
168 538
168 537
172 533
173 533
173 528
171 526
171 525
172 524
172 523
173 522
174 522
174 518
175 517
177 517
178 518
181 518
184 515
187 518
187 519
186 520
186 522
187 522
188 521
190 521
191 520
193 520
194 519
196 519
197 518
198 518
200 516
202 516
203 517
203 518
205 518
207 516
209 518
216 518
217 519
219 519
220 518
220 513
217 513
216 514
215 513
208 513
207 512
208 511
211 511
213 509
215 509
216 508
217 508
218 507
219 507
220 506
224 506
225 505
226 506
231 506
231 498
232 497
234 497
236 495
237 495
238 494
239 494
242 491
243 491
245 489
246 489
246 488
247 487
250 487
251 486
251 485
253 483
254 484
254 490
255 490
256 489
258 489
259 490
266 490
266 484
265 484
264 485
261 485
260 484
258 484
257 483
259 481
260 482
263 482
263 474
266 471
267 471
268 470
268 467
269 466
269 461
268 460
269 459
270 459
271 458
271 452
270 451
270 448
269 447
269 445
270 444
270 442
269 442
268 441
268 438
270 436
272 436
272 434
271 433
271 432
270 431
270 429
272 427
272 426
277 421
278 421
279 420
279 417
278 416
278 415
277 414
277 413
276 412
276 410
274 408
274 406
273 405
273 403
272 402
272 393
271 392
271 389
270 388
271 387
271 382
272 381
272 378
271 377
271 375
269 373
269 371
268 370
268 364
266 362
266 361
265 360
265 359
264 358
264 351
263 350
263 348
262 347
262 342
256 336
256 324
250 318
250 317
243 310
242 310
241 309
241 308
240 307
241 306
242 306
243 307
244 307
245 306
246 307
247 307
247 300
246 300
246 301
245 302
242 302
241 301
241 300
240 300
240 301
239 302
238 302
237 301
237 300
235 300
234 299
234 297
233 296
234 295
235 295
237 293
239 295
241 295
241 293
242 292
242 291
241 290
237 290
235 288
231 288
231 291
230 292
226 288
226 287
225 287
224 286
224 285
221 282
219 282
218 283
216 283
215 282
215 281
214 280
215 279
215 278
216 277
217 277
218 278
218 279
223 279
224 278
225 279
228 279
228 275
227 274
225 274
224 275
223 274
220 274
219 273
218 273
218 274
217 275
216 275
215 274
215 273
213 273
213 275
212 276
211 275
210 275
209 274
207 274
204 271
204 270
201 267
200 267
199 266
198 266
185 253
185 252
183 250
182 250
181 249
181 248
171 238
170 238
168 236
168 235
167 234
167 233
166 232
166 231
163 228
163 227
162 226
162 223
164 221
164 215
163 215
158 210
156 210
152 206
151 206
150 205
150 204
148 204
146 202
145 202
142 199
142 198
139 195
139 194
138 193
138 188
137 188
135 186
135 185
136 184
138 184
138 183
139 182
140 183
140 184
150 184
150 180
149 179
148 179
147 178
147 177
146 177
146 179
145 180
144 179
142 179
141 178
138 178
138 179
137 180
136 180
135 179
135 178
134 178
134 181
133 182
132 181
132 180
129 177
129 176
132 173
132 172
136 168
136 167
137 166
137 159
138 158
138 148
140 146
141 146
143 144
143 142
144 141
145 141
147 143
147 147
148 147
148 143
149 142
150 143
150 147
154 147
155 146
156 147
164 147
165 146
166 147
167 147
167 143
165 141
165 140
164 139
163 139
163 141
162 142
153 142
152 141
152 139
150 139
149 140
145 140
144 139
144 137
145 136
151 136
152 135
152 134
153 133
155 133
156 132
157 132
164 125
164 124
165 123
166 123
166 121
167 120
167 110
168 109
169 110
170 110
171 109
172 109
174 107
176 107
176 106
177 105
178 105
179 106
179 107
187 107
187 101
185 101
184 102
182 102
181 101
180 101
179 100
180 99
180 98
182 96
183 96
185 94
187 96
187 97
188 98
189 98
191 96
192 96
193 95
198 95
198 94
199 93
200 93
201 94
201 95
206 95
206 91
205 90
204 90
203 89
203 87
202 86
201 86
200 87
200 88
199 89
197 89
196 88
196 85
198 83
204 83
204 82
205 81
206 81
207 80
208 80
209 79
210 79
214 75
220 75
220 74
219 73
219 72
217 70
216 70
215 69
211 69
210 70
204 70
203 71
200 71
199 70
196 70
195 69
194 69
193 68
193 67
188 67
186 65
186 64
184 62
184 61
185 60
185 59
184 58
182 58
181 57
178 57
177 56
173 56
170 53
170 52
169 51
169 49
170 48
170 44
166 40
166 34
167 33
167 31
168 30
169 31
169 32
170 33
171 33
171 32
172 31
172 30
173 29
173 28
174 27
174 23
173 22
172 22
171 21
170 21
168 19
163 19
161 21
158 21
157 20
156 20
153 17
152 17
151 16
147 16
147 17
146 18
142 18
141 17
140 17
139 16
137 16
136 15
135 15
133 13
132 13
131 12
130 12
127 9
127 8
121 2
