115 20
111 24
109 24
108 25
107 25
105 27
103 27
101 29
100 29
100 30
99 31
99 34
100 35
100 37
96 41
94 41
93 42
90 42
88 44
87 44
85 46
84 46
82 44
82 42
77 42
73 46
73 48
72 49
72 52
70 54
69 53
68 53
67 52
67 50
66 49
66 47
61 42
60 42
58 44
58 45
57 46
57 48
56 49
55 48
55 47
54 46
54 44
53 43
53 42
49 42
49 43
48 44
48 46
46 48
45 48
44 49
44 50
43 51
43 53
40 56
39 56
36 53
36 52
34 50
34 49
33 49
30 46
29 46
28 45
27 45
26 44
25 44
24 43
22 43
19 46
19 47
18 48
18 49
17 50
17 51
14 54
14 55
13 56
10 56
10 60
11 61
11 62
19 70
19 71
21 73
21 75
25 79
25 80
26 81
26 87
27 88
29 88
32 85
34 87
35 87
37 89
37 91
34 94
33 94
33 95
34 96
34 98
33 99
33 102
32 103
32 104
34 106
34 107
35 108
35 110
39 114
39 115
40 116
40 117
41 118
42 118
47 123
53 123
56 126
57 126
58 127
59 127
60 128
62 128
63 127
63 125
64 124
64 123
67 120
68 120
69 119
73 119
75 117
77 117
80 120
81 120
82 121
82 122
83 123
84 123
87 126
87 127
88 128
90 128
91 129
91 130
90 131
89 131
83 137
83 139
84 140
89 140
90 139
91 139
92 140
91 141
91 146
92 147
93 147
94 148
95 148
96 149
97 149
98 150
100 150
102 152
102 154
99 157
99 158
98 159
98 162
97 163
96 163
94 165
93 165
93 166
92 167
92 168
91 169
87 169
86 168
85 168
84 167
73 167
72 168
71 168
71 170
72 171
72 175
67 180
66 180
65 181
65 183
66 184
67 184
69 186
71 186
72 187
73 187
74 188
75 188
79 192
80 192
83 195
83 196
84 196
85 197
86 197
87 198
88 198
93 203
94 203
95 204
98 204
99 205
101 205
102 206
103 206
104 207
106 207
108 209
108 211
107 212
107 213
106 214
106 217
107 218
107 219
108 220
108 221
109 222
109 223
111 225
112 225
116 229
119 229
120 230
120 231
121 232
121 233
124 236
124 240
126 242
126 243
127 244
127 246
128 247
128 248
129 249
130 249
135 254
135 255
137 257
137 258
140 261
140 262
144 266
146 266
147 265
148 266
148 268
149 269
149 271
151 273
151 274
154 277
155 277
156 278
156 288
157 289
157 291
160 294
160 297
161 298
165 298
166 297
167 297
168 298
168 300
172 304
175 304
176 305
176 308
178 310
180 310
183 313
187 313
188 314
188 315
187 316
187 317
185 319
184 319
183 320
182 320
181 321
180 321
179 322
179 325
180 326
180 328
182 330
182 331
184 333
184 334
186 336
189 336
190 337
190 339
191 340
192 340
194 342
194 345
193 346
193 352
192 353
189 353
189 357
190 358
190 359
191 359
192 360
191 361
191 367
192 368
192 369
191 370
191 375
190 376
190 377
187 380
187 381
186 382
186 387
185 388
185 389
184 390
184 392
185 393
185 394
188 397
188 404
190 406
190 407
192 409
192 410
193 411
193 415
194 416
194 420
193 421
193 423
192 424
192 425
191 426
191 427
190 428
190 430
189 431
189 439
190 440
190 441
191 442
191 444
192 445
192 452
193 453
193 454
192 455
192 457
191 458
191 459
190 460
190 461
188 463
186 463
185 462
180 462
179 463
178 463
176 465
176 466
172 470
171 470
169 472
168 472
167 471
164 471
160 475
159 475
158 476
152 476
152 477
151 478
151 482
150 483
150 486
149 487
148 487
146 485
144 485
143 484
136 484
135 485
135 486
133 488
130 488
129 489
129 490
130 491
130 492
131 493
131 495
132 496
132 497
131 498
131 503
132 504
132 505
137 510
138 510
139 511
140 511
141 512
141 521
140 522
138 520
137 520
135 518
133 518
132 519
131 518
131 517
130 516
130 515
129 514
129 513
128 512
126 512
125 513
124 513
122 515
114 515
111 518
108 518
105 515
102 515
101 516
101 521
102 522
102 524
100 526
99 526
97 528
97 529
93 533
92 533
91 532
84 532
82 534
82 535
81 536
78 536
78 538
77 539
76 539
75 538
75 537
76 536
76 535
74 535
74 543
75 543
75 542
76 541
77 541
77 540
78 539
79 539
81 541
81 548
80 549
80 550
81 550
82 551
81 552
81 553
83 553
83 551
82 551
81 550
83 548
84 549
87 549
90 546
91 547
92 547
93 548
93 550
94 551
95 551
96 552
97 552
98 551
102 555
101 556
100 556
96 560
95 560
94 561
94 563
93 564
93 570
92 571
92 584
91 585
91 603
92 604
92 605
91 606
91 607
89 609
88 609
88 611
89 611
90 612
96 612
97 611
99 611
100 610
102 610
105 607
105 606
106 605
108 605
109 604
110 604
110 603
111 602
111 601
112 600
112 599
113 598
113 596
114 595
114 594
118 590
119 590
120 589
122 589
123 588
125 588
126 587
127 587
128 586
129 586
130 585
131 585
132 584
134 584
135 583
136 583
137 582
140 582
141 581
142 581
143 580
143 578
144 577
144 575
145 574
146 574
146 573
147 572
148 573
149 573
150 574
152 574
153 573
154 573
156 571
156 570
157 569
157 566
156 565
156 564
154 562
154 561
155 560
157 562
159 562
160 561
161 561
161 559
159 557
160 556
160 555
161 554
162 554
164 552
164 551
165 550
165 549
164 548
164 545
163 544
164 543
164 540
165 539
167 539
168 540
170 540
171 539
171 537
172 536
175 539
174 540
174 542
176 542
178 540
182 540
184 538
185 538
186 537
188 537
189 536
190 536
191 535
192 535
196 531
197 531
198 530
199 530
200 529
201 529
203 527
208 527
209 526
209 525
210 524
210 522
211 521
211 520
213 518
217 518
218 519
219 519
220 518
220 516
222 514
224 514
226 512
226 511
228 509
230 509
231 508
234 508
235 507
235 506
236 505
236 504
238 502
240 502
241 503
242 503
243 502
244 502
245 501
245 493
246 492
249 492
250 491
250 490
251 489
251 487
253 485
253 484
251 482
252 481
253 481
254 480
254 476
253 475
253 474
252 473
252 472
251 471
252 470
252 468
253 467
254 468
255 468
256 467
256 466
255 465
252 465
251 464
252 463
252 462
253 461
254 461
256 459
256 458
255 457
255 456
253 454
253 453
254 452
255 452
257 454
259 454
259 453
260 452
260 447
258 445
258 444
257 443
258 442
258 441
259 440
260 440
260 437
258 435
258 434
257 433
257 432
255 430
255 429
254 428
255 427
255 424
254 423
254 419
255 418
255 414
254 413
254 411
255 410
257 410
257 409
255 409
255 410
254 411
253 410
253 409
252 408
252 405
253 404
254 404
254 402
255 401
255 399
253 397
253 393
252 392
252 391
253 390
255 390
255 389
253 389
253 390
252 391
251 390
251 384
249 382
249 381
248 380
248 377
247 376
247 375
246 374
246 369
247 368
247 366
246 365
246 364
243 361
243 360
242 359
242 358
241 357
241 354
240 353
240 348
241 347
241 345
239 343
239 341
238 340
238 339
237 338
237 337
235 337
234 338
233 337
233 336
232 335
232 334
230 334
229 333
229 332
226 329
226 328
225 327
225 326
224 325
224 324
223 323
223 322
222 321
222 319
221 318
220 318
218 316
218 315
217 314
217 313
218 312
219 312
219 309
216 309
215 308
215 307
214 306
213 306
208 301
205 301
204 300
204 299
202 297
201 297
198 294
198 293
197 292
195 292
194 291
193 291
190 288
189 288
178 277
178 276
177 275
177 273
176 272
176 271
175 270
174 270
168 264
167 264
166 263
166 262
161 257
161 256
159 254
159 253
158 252
158 251
157 250
157 249
156 248
156 247
155 246
155 245
154 244
154 242
155 241
155 239
156 238
156 237
155 236
155 235
154 234
154 233
153 232
153 231
151 231
149 229
149 228
148 227
147 227
145 225
143 225
141 223
140 223
139 222
139 221
137 219
137 218
135 216
135 215
133 213
133 212
132 211
132 210
131 209
131 205
130 204
130 203
128 201
128 200
125 197
125 194
127 192
129 192
129 189
130 188
130 187
131 186
131 181
132 180
132 171
133 170
133 169
136 166
136 164
137 163
137 159
138 158
142 158
143 157
144 157
146 155
147 155
148 154
148 153
151 150
151 149
153 147
155 147
156 146
158 146
158 145
160 143
160 142
159 141
159 139
160 138
160 136
159 135
159 133
161 131
162 131
163 130
163 129
164 128
165 128
165 125
166 124
167 124
168 125
170 125
172 127
173 127
174 128
175 128
175 126
176 125
178 125
178 124
179 123
180 123
180 120
179 120
178 121
178 123
177 124
176 123
175 123
174 122
169 122
168 121
169 120
169 119
170 118
174 118
174 117
175 116
176 117
176 118
180 118
181 117
182 117
183 118
183 120
182 121
182 123
183 123
184 124
185 124
186 125
186 126
187 126
188 127
188 128
189 128
190 127
190 125
189 125
189 126
188 127
187 126
187 125
186 124
186 121
187 120
188 120
189 121
189 123
190 123
191 122
191 121
192 120
192 118
194 116
194 115
195 114
195 112
197 110
197 109
196 108
195 108
194 107
194 106
195 105
197 105
198 104
200 104
201 103
204 103
205 102
206 102
207 101
207 100
206 99
209 96
209 95
208 95
207 94
207 93
206 92
205 92
202 89
199 89
198 90
197 90
196 91
193 91
192 92
191 91
190 91
189 90
186 90
184 88
184 87
182 87
181 86
179 86
175 82
175 80
174 79
173 79
170 76
166 76
163 73
163 65
162 64
162 63
161 62
160 62
159 61
159 55
161 53
163 53
165 51
165 49
166 48
166 46
167 45
167 44
166 43
165 43
161 39
160 39
159 38
155 38
152 41
151 40
150 40
148 38
148 37
147 37
146 36
144 36
143 35
141 35
140 36
139 36
137 38
136 38
132 34
131 34
129 32
127 32
125 30
125 28
122 25
122 24
120 22
120 21
119 20
