191 445
191 452
193 454
193 455
194 456
194 458
196 460
196 465
194 467
194 472
192 474
190 474
189 475
188 475
187 476
186 476
184 478
184 479
183 480
182 480
180 482
177 482
176 481
175 481
174 480
171 480
170 479
171 480
174 480
175 481
176 481
177 482
180 482
182 480
183 480
184 479
184 478
186 476
187 476
188 475
189 475
190 474
192 474
194 472
194 467
196 465
196 460
197 459
198 460
198 462
203 462
207 458
214 458
215 459
214 460
208 460
205 463
208 460
214 460
215 461
214 460
215 459
216 459
217 460
218 460
217 460
216 459
215 459
214 458
207 458
203 462
199 462
198 461
198 460
197 459
196 460
194 458
194 456
193 455
193 454
191 452
