253 446
251 448
251 451
252 452
252 453
253 454
253 455
255 457
255 458
253 460
252 459
251 460
249 458
250 457
251 457
249 457
249 458
251 460
251 463
250 464
250 467
251 468
251 472
252 473
252 474
253 475
253 479
251 481
251 483
252 484
251 485
251 486
250 487
250 489
248 491
245 491
245 492
244 493
244 500
242 502
240 502
239 501
238 501
237 502
236 502
236 503
235 504
235 505
233 507
231 507
230 508
227 508
226 509
226 510
223 513
222 513
221 514
220 514
220 515
219 516
219 517
218 518
217 517
213 517
212 518
211 518
211 519
210 520
210 521
209 522
209 524
207 526
203 526
202 527
201 527
199 529
198 529
197 530
196 530
195 531
194 531
190 535
189 535
188 536
186 536
185 537
184 537
183 538
182 538
181 539
178 539
177 540
176 540
176 541
178 539
182 539
184 537
185 537
186 536
188 536
189 535
190 535
191 534
192 534
196 530
197 530
198 529
199 529
200 528
201 528
203 526
208 526
208 525
209 524
209 522
210 521
210 520
213 517
216 517
217 518
219 518
219 516
222 513
224 513
225 512
225 511
228 508
230 508
231 507
234 507
234 506
235 505
235 504
238 501
239 501
240 502
242 502
243 501
244 501
244 493
246 491
249 491
249 490
250 489
250 487
252 485
252 483
251 482
251 481
252 480
253 480
253 475
252 474
252 473
251 472
251 468
250 467
250 464
251 463
251 460
252 459
253 460
254 460
255 459
255 457
254 456
254 455
252 453
252 451
251 450
251 449
253 447
