147 463
146 464
144 464
142 466
142 467
140 469
139 469
138 470
137 470
137 473
140 476
140 479
139 480
139 481
138 482
139 483
139 484
141 486
142 486
146 490
146 491
149 491
150 492
150 494
151 495
150 496
150 502
148 504
146 504
142 500
138 500
136 498
136 497
135 496
135 495
134 495
133 494
132 495
131 495
130 496
127 496
126 497
125 496
124 497
123 496
122 497
121 497
120 498
119 498
119 499
118 500
114 500
114 503
115 504
114 503
114 501
115 500
118 500
121 497
122 497
123 496
124 497
124 499
126 501
124 499
124 497
125 496
126 497
126 498
128 500
129 500
132 503
129 500
128 500
126 498
126 497
127 496
131 496
133 494
136 497
136 498
137 499
137 500
142 500
143 501
143 502
145 504
149 504
150 503
150 498
151 497
153 497
151 497
150 496
151 495
153 495
155 493
157 493
159 491
160 492
160 495
162 497
161 498
162 499
162 503
163 504
163 505
165 507
163 505
163 504
162 503
162 499
161 498
162 497
163 497
162 497
160 495
160 492
162 490
161 490
161 491
160 492
159 491
159 487
156 484
156 483
155 482
155 479
157 477
158 478
160 476
158 478
157 477
157 476
159 474
160 474
161 473
161 468
160 467
156 467
153 464
151 464
150 463
