236 287
235 288
235 289
233 291
233 292
232 293
232 294
231 295
231 296
230 297
230 298
229 299
229 301
228 302
228 304
227 305
227 307
226 308
226 311
225 312
225 315
224 316
224 322
223 323
223 340
224 341
224 345
225 346
225 349
226 350
226 352
227 353
227 354
228 355
228 357
229 358
229 359
231 361
231 362
241 372
242 372
245 375
249 375
249 372
245 368
244 368
243 367
243 366
234 357
234 356
233 355
233 354
232 353
232 352
231 351
231 350
230 349
230 347
229 346
229 343
228 342
228 320
229 319
229 315
230 314
230 311
231 310
231 308
232 307
232 305
233 304
233 302
234 301
234 300
235 299
235 298
236 297
236 296
238 294
238 293
240 291
240 287
