349 494
348 495
347 495
346 496
344 496
343 497
343 498
342 499
342 500
341 501
341 502
340 503
340 504
339 505
339 507
338 508
338 509
337 510
337 512
336 513
336 514
335 515
335 517
334 518
334 519
333 520
333 522
335 522
336 521
337 521
338 520
340 520
341 519
343 519
344 518
347 518
348 517
351 517
352 516
355 516
356 517
359 517
360 518
361 518
362 519
364 519
365 520
367 520
367 518
362 513
362 512
359 509
359 508
357 506
357 505
355 503
355 502
354 501
354 500
352 498
352 496
351 495
351 494
