197 467
196 468
196 471
197 471
198 472
197 473
196 473
194 475
196 473
197 473
198 474
199 474
200 475
200 476
202 478
202 479
202 478
203 477
205 479
204 480
205 479
206 479
207 480
211 480
212 481
213 481
214 480
220 480
221 481
222 481
225 484
227 484
228 483
228 482
229 481
231 481
232 480
233 480
234 481
233 482
234 481
233 480
234 479
234 478
235 477
235 475
236 474
236 473
236 474
235 475
235 477
234 478
234 479
233 480
232 480
231 481
229 481
228 482
228 483
227 484
225 484
222 481
221 481
220 480
214 480
213 481
212 481
211 480
207 480
206 479
205 479
203 477
202 478
200 476
200 475
199 474
198 474
197 473
198 472
200 472
201 473
200 472
198 472
196 470
196 468
