121 535
123 537
123 538
124 539
123 540
122 540
119 543
119 544
117 546
117 548
115 550
115 552
114 553
114 556
113 557
112 557
109 554
108 554
107 553
99 553
107 553
108 554
109 554
112 557
113 557
114 556
114 553
115 552
115 550
116 549
119 549
120 550
119 551
117 551
117 552
118 551
119 551
120 552
119 551
120 550
121 550
122 551
123 550
125 550
126 551
126 557
129 560
126 557
126 550
127 549
129 549
129 548
130 547
131 547
132 548
131 549
132 548
133 548
134 547
133 546
135 544
135 542
136 541
136 540
138 538
136 540
136 541
135 542
135 544
133 546
132 546
131 547
130 547
128 549
127 549
126 550
123 550
122 551
121 550
120 550
119 549
119 547
120 546
119 547
119 548
118 549
117 548
117 546
119 544
119 543
122 540
123 540
124 539
125 540
123 538
123 537
