165 117
164 118
164 119
163 120
163 124
164 125
164 127
160 131
159 131
159 132
158 133
158 134
159 135
159 138
158 139
158 140
159 141
159 142
158 143
158 144
157 145
156 145
155 146
153 146
152 147
151 147
151 148
148 151
148 152
145 155
144 155
142 157
137 157
137 158
136 159
136 163
135 164
135 165
133 167
133 168
132 169
132 170
131 171
131 180
130 181
130 186
129 187
129 188
128 189
128 190
126 192
125 192
125 193
124 194
124 196
125 197
125 198
128 201
128 202
130 204
130 208
131 209
131 210
132 211
132 212
133 213
133 214
135 216
135 217
137 219
137 220
141 224
143 224
145 226
146 226
149 229
149 230
151 230
153 232
153 233
154 234
154 235
155 236
155 238
154 239
154 241
153 242
153 243
154 244
154 245
155 246
155 247
156 248
156 249
157 250
157 251
158 252
158 253
159 254
159 255
161 257
161 258
172 269
173 269
176 272
176 274
177 275
177 276
178 277
178 278
187 287
188 287
191 290
192 290
193 291
193 293
194 294
193 293
193 291
190 288
189 288
177 276
177 275
176 274
176 272
175 271
175 270
174 270
168 264
167 264
165 262
165 261
160 256
160 255
158 253
158 252
157 251
157 250
156 249
156 248
155 247
155 246
154 245
154 244
153 243
153 242
154 241
154 239
155 238
155 236
154 235
154 234
153 233
153 232
151 230
150 230
148 228
148 227
147 227
145 225
144 225
143 224
142 224
141 223
140 223
138 221
138 220
136 218
136 217
134 215
134 214
132 212
132 211
131 210
131 209
130 208
130 204
129 203
129 202
127 200
127 199
124 196
124 194
127 191
128 191
128 189
129 188
129 187
130 186
130 181
131 180
131 171
132 170
132 169
135 166
135 164
136 163
136 159
138 157
142 157
143 156
144 156
146 154
147 154
147 153
150 150
150 149
153 146
155 146
156 145
157 145
159 143
159 141
158 140
158 139
159 138
159 135
158 134
158 133
161 130
162 130
162 129
164 127
164 125
163 124
164 123
166 123
167 124
170 124
171 125
171 126
172 126
173 127
170 124
167 124
166 123
164 123
163 122
163 120
164 119
165 120
165 121
165 120
166 119
166 118
