392 194
392 195
391 196
391 198
392 199
428 199
429 200
432 200
433 201
436 201
437 202
439 202
440 203
442 203
443 204
444 204
445 205
447 205
448 206
449 206
451 208
452 208
453 209
455 209
457 211
458 211
459 212
460 212
461 213
462 213
464 215
465 215
466 216
467 216
470 219
471 219
474 222
475 222
491 238
491 239
495 243
495 244
497 246
497 247
499 249
499 250
501 252
501 253
502 254
502 255
503 256
503 257
504 258
504 259
505 260
505 261
506 262
506 263
507 264
507 266
508 267
508 268
509 269
509 271
510 272
510 275
511 276
511 278
512 279
512 281
513 282
513 283
514 284
514 285
515 286
515 288
516 289
516 290
517 291
517 293
518 294
518 296
519 297
519 298
520 299
520 300
521 301
521 302
523 304
523 305
526 308
526 309
527 310
531 310
531 309
532 308
532 307
528 303
528 302
526 300
526 299
525 298
525 297
524 296
524 295
523 294
523 293
522 292
522 291
521 290
521 289
520 288
520 286
519 285
519 283
518 282
518 281
517 280
517 278
516 277
516 275
515 274
515 271
514 270
514 269
513 268
513 267
512 266
512 264
511 263
511 261
510 260
510 259
509 258
509 257
508 256
508 254
506 252
506 251
505 250
505 249
504 248
504 247
502 245
502 244
500 242
500 241
498 239
498 238
493 233
493 232
482 221
481 221
477 217
476 217
473 214
472 214
470 212
469 212
467 210
466 210
465 209
464 209
463 208
462 208
460 206
459 206
458 205
457 205
456 204
455 204
454 203
453 203
452 202
451 202
450 201
448 201
447 200
445 200
444 199
443 199
442 198
440 198
439 197
437 197
436 196
433 196
432 195
427 195
426 194
