214 74
213 75
212 75
208 79
207 79
206 80
205 80
203 82
198 82
197 83
196 83
196 84
195 85
195 87
197 89
197 90
197 89
198 88
199 89
199 90
199 88
201 86
202 87
202 89
201 90
201 91
203 93
202 94
201 94
199 92
197 94
196 93
196 92
195 91
194 92
194 93
192 95
191 95
190 96
189 96
188 97
186 95
186 94
183 94
181 96
180 96
180 97
179 98
179 99
179 98
182 95
183 95
184 94
185 94
187 96
187 97
189 97
191 95
192 95
193 94
197 94
199 92
200 93
200 94
205 94
205 90
204 90
202 88
202 86
200 86
200 87
199 88
198 88
197 89
195 87
195 85
198 82
203 82
205 80
206 80
207 79
208 79
209 78
210 78
214 74
217 74
