44 52
47 52
48 53
48 54
50 56
50 57
51 58
51 59
52 60
52 63
53 64
52 65
52 66
51 67
51 73
50 74
49 74
45 78
45 82
46 83
46 85
47 86
47 87
48 88
48 89
46 91
42 91
41 92
41 94
38 97
37 97
32 92
32 91
26 85
26 84
27 83
27 79
28 78
28 77
31 74
31 64
30 63
29 63
27 61
26 61
25 60
23 62
24 63
24 65
22 67
22 68
23 67
23 66
24 65
24 63
23 62
25 60
27 62
28 62
31 65
31 73
29 75
29 76
28 77
28 78
27 79
27 83
26 84
26 85
27 86
27 87
33 93
33 94
36 97
38 97
41 94
41 92
42 91
46 91
48 89
48 88
47 87
47 86
46 85
46 83
45 82
45 78
49 74
50 74
51 75
47 79
47 81
47 79
51 75
50 74
51 73
51 67
52 66
52 65
53 64
52 63
52 60
53 59
54 60
54 62
54 60
53 59
53 58
53 59
52 60
51 59
51 58
50 57
50 56
48 54
48 53
47 52
