405 357
404 358
400 358
399 359
397 359
396 360
395 360
394 361
392 361
391 362
390 362
388 364
387 364
384 367
383 367
383 369
381 371
381 372
380 373
380 374
379 375
379 376
378 377
378 378
377 379
377 381
376 382
376 383
375 384
375 387
374 388
374 391
373 392
373 406
374 407
374 410
375 411
375 413
376 414
376 416
377 417
377 418
378 419
378 420
380 422
380 423
384 427
385 427
388 430
389 430
390 431
391 431
392 432
393 432
394 433
396 433
397 434
399 434
400 435
407 435
408 436
426 436
427 435
431 435
432 434
434 434
435 433
436 433
437 432
439 432
440 431
441 431
444 428
445 428
448 425
449 425
454 420
454 419
455 418
455 417
456 416
456 414
457 413
457 412
458 411
458 409
459 408
459 404
460 403
460 391
459 390
459 387
458 386
458 383
457 382
457 381
456 380
456 378
454 376
454 375
451 372
451 371
448 368
447 368
444 365
443 365
442 364
441 364
440 363
439 363
438 362
437 362
436 361
434 361
433 360
432 360
431 359
429 359
428 358
424 358
423 357
