153 90
154 90
155 91
155 93
154 94
153 94
152 95
149 95
147 93
145 93
143 91
145 93
147 93
149 95
148 96
149 97
149 102
150 103
150 104
152 106
152 107
151 108
149 108
148 109
146 107
147 108
147 109
148 109
149 108
151 108
152 109
150 111
152 109
153 109
154 108
156 108
157 107
158 107
159 108
159 109
160 110
159 109
159 107
157 107
156 106
157 105
161 105
161 104
162 103
163 104
163 105
163 104
164 103
164 100
165 99
164 100
163 99
163 98
163 99
162 100
162 103
160 105
157 105
156 106
155 106
152 103
154 105
154 106
156 106
157 107
156 108
154 108
153 109
152 109
151 108
152 107
152 106
150 104
150 103
149 102
149 97
148 96
149 95
152 95
153 94
154 94
155 93
155 90
