144 126
147 126
149 128
149 131
148 132
148 134
147 135
146 134
146 133
146 134
145 135
144 134
144 133
143 133
142 132
143 131
145 131
143 131
141 129
138 129
137 130
138 129
141 129
143 131
142 132
144 134
144 136
143 137
143 141
142 142
142 143
139 146
138 146
137 145
138 144
138 143
136 143
136 145
137 145
138 146
138 147
137 148
137 158
136 159
136 161
135 162
133 162
132 161
131 161
127 157
126 158
125 157
123 157
125 157
126 158
126 159
129 162
126 159
126 158
127 157
131 161
132 161
133 162
135 162
136 163
135 164
133 164
135 164
136 165
136 166
132 170
132 171
129 174
129 175
128 176
129 177
129 178
132 181
132 182
133 183
132 182
132 181
131 180
131 179
128 176
131 173
131 172
135 168
135 167
136 166
136 159
137 158
137 148
140 145
141 145
142 144
142 142
143 141
143 137
145 135
149 135
148 134
148 132
149 131
149 128
147 126
