251 436
250 437
250 442
251 443
251 446
250 447
249 446
249 445
249 446
250 447
249 448
249 454
248 455
248 456
247 457
247 463
248 464
248 467
247 468
247 469
243 473
242 473
240 471
238 471
240 471
242 473
243 473
244 472
245 472
245 471
247 469
247 468
248 467
249 468
249 469
249 468
250 467
250 464
250 467
249 468
248 467
248 464
247 463
247 457
248 456
249 457
249 462
249 457
250 456
249 457
248 456
248 455
249 454
249 448
251 446
252 447
252 448
251 449
252 450
252 451
251 452
251 454
251 452
252 451
253 452
252 451
252 450
253 449
254 450
252 448
252 447
251 446
251 443
250 442
250 437
251 436
256 436
