328 261
328 263
327 264
327 279
326 280
326 292
327 293
327 303
328 304
328 308
329 309
329 313
330 314
330 317
331 318
331 320
332 321
332 323
333 324
333 326
334 327
334 328
336 330
336 331
337 332
337 333
340 336
340 337
341 338
342 338
346 342
347 342
349 344
353 344
354 343
353 342
354 341
352 339
351 339
349 337
348 337
343 332
343 331
340 328
340 327
339 326
339 325
338 324
338 323
337 322
337 321
336 320
336 319
335 318
335 315
334 314
334 310
333 309
333 306
332 305
332 297
331 296
331 275
332 274
332 261
