119 18
119 21
126 28
126 31
125 32
124 31
123 31
122 30
121 30
120 29
113 29
112 30
112 31
109 34
109 35
108 36
108 38
107 39
105 39
102 42
102 43
99 46
98 45
99 46
102 43
102 42
105 39
107 39
108 38
108 36
109 35
109 34
110 33
111 33
112 32
112 30
113 29
120 29
121 30
120 31
116 31
120 31
121 32
120 31
121 30
122 30
123 31
124 31
125 32
126 31
126 28
127 27
128 28
130 28
131 27
132 27
133 28
132 29
133 28
134 28
136 30
136 35
137 36
136 35
136 30
134 28
133 28
132 27
133 26
135 26
137 28
135 26
133 26
132 27
131 27
130 28
128 28
127 27
126 28
119 21
