133 505
137 509
138 509
140 511
143 511
144 510
152 510
154 512
153 513
154 514
155 514
154 514
153 513
154 512
156 512
158 514
157 515
158 516
157 515
158 514
159 514
160 515
161 515
162 516
170 516
171 517
170 518
162 518
170 518
171 517
170 516
171 515
172 515
172 513
173 512
174 513
174 515
175 516
176 516
176 513
177 512
177 510
176 509
177 510
177 512
176 513
176 515
175 516
174 515
174 513
173 512
172 513
169 510
172 513
172 514
170 516
162 516
161 515
160 515
159 514
158 514
156 512
154 512
152 510
144 510
143 511
140 511
138 509
137 509
