42 96
39 99
40 100
42 100
43 101
47 101
49 103
50 103
51 104
52 104
55 107
58 107
60 105
61 105
64 102
65 102
70 97
72 97
73 96
79 96
81 98
82 98
87 103
88 103
90 105
90 106
93 109
93 110
91 112
90 112
89 113
88 113
87 114
86 114
85 115
85 117
86 118
91 118
92 119
93 119
95 121
95 122
96 123
96 125
97 126
100 126
103 129
103 131
104 132
104 133
106 133
107 134
108 134
107 134
106 133
105 133
103 131
103 128
102 127
101 127
100 126
97 126
96 125
96 122
93 119
92 119
91 118
87 118
85 116
88 113
90 113
92 111
93 111
93 109
94 108
95 109
97 109
98 110
101 110
102 111
101 112
98 112
101 112
102 111
103 111
102 111
101 110
101 109
100 108
100 104
101 103
107 103
108 102
108 101
107 101
105 99
108 102
107 103
101 103
100 104
100 108
101 109
100 110
98 110
97 109
95 109
94 108
93 109
91 107
91 106
84 99
83 99
81 97
80 97
79 96
73 96
72 97
70 97
65 102
64 102
63 103
62 103
59 106
58 106
57 107
56 107
54 105
53 105
52 104
51 104
49 102
48 102
47 101
43 101
42 100
40 100
39 99
