94 45
94 46
95 45
104 54
104 55
106 57
106 58
108 60
108 61
109 62
109 64
108 65
108 66
107 67
106 67
107 67
108 66
108 65
109 64
110 65
110 66
111 66
112 67
111 68
110 68
109 69
106 69
106 70
104 72
103 72
103 74
103 73
107 69
109 69
110 68
111 68
112 69
111 68
112 67
113 67
114 68
115 68
116 69
115 68
114 68
113 67
112 67
110 65
111 64
111 62
111 64
110 65
109 64
109 62
108 61
108 60
106 58
106 57
104 55
104 54
100 50
100 49
101 48
105 52
101 48
102 47
102 46
103 45
102 46
102 47
100 49
99 49
95 45
