390 495
389 496
388 496
387 497
387 498
386 499
386 500
385 501
385 503
383 505
383 507
382 508
382 509
381 510
381 512
379 514
379 518
381 518
382 517
385 517
386 516
388 516
389 515
391 515
392 516
394 516
395 517
396 517
397 518
400 518
401 519
402 519
403 520
404 520
405 521
407 521
408 522
409 522
410 523
410 525
409 526
407 526
406 525
404 525
403 524
402 524
401 523
399 523
398 522
397 522
396 521
394 521
393 520
390 520
389 521
384 521
383 522
380 522
379 523
377 523
375 525
367 525
366 524
364 524
363 523
361 523
360 522
358 522
357 521
349 521
348 522
346 522
345 523
342 523
341 524
340 524
339 525
337 525
336 526
337 527
337 528
339 528
340 529
343 529
344 530
347 530
348 531
351 531
352 532
356 532
357 533
366 533
367 534
389 534
390 533
396 533
397 532
402 532
403 531
406 531
407 530
410 530
411 529
412 529
412 528
413 527
413 524
412 523
412 520
411 519
411 516
410 515
410 511
409 510
409 507
408 506
408 503
407 502
407 501
406 500
404 500
403 499
401 499
400 498
397 498
396 497
394 497
393 496
391 496
