514 307
514 308
513 309
513 340
512 341
512 351
511 352
511 358
510 359
510 364
509 365
509 368
508 369
508 372
507 373
507 376
506 377
506 379
505 380
505 382
504 383
504 385
504 383
505 382
505 380
506 379
506 377
507 376
507 373
508 372
508 369
509 368
509 365
510 364
510 359
511 358
511 352
512 351
512 341
513 340
513 309
515 307
516 307
518 309
518 335
517 336
517 348
516 349
516 356
515 357
515 363
514 364
514 368
513 369
513 372
512 373
512 376
511 377
511 378
510 379
510 381
509 382
509 384
508 385
508 387
507 388
507 389
506 390
506 392
505 393
505 395
504 396
504 399
503 400
503 401
501 403
501 404
499 406
499 407
494 412
493 412
491 414
490 414
489 415
488 415
487 416
485 416
484 417
474 417
474 418
473 419
473 423
472 424
472 427
471 428
471 430
470 431
470 433
468 435
468 437
467 438
467 439
466 440
466 441
464 443
464 444
463 445
463 446
461 448
461 449
457 453
457 454
453 458
452 458
447 463
446 463
443 466
441 466
439 468
437 468
436 469
435 469
434 470
433 470
432 471
431 471
430 472
429 472
428 473
427 473
426 474
424 474
423 475
421 475
420 476
419 476
418 477
417 477
416 478
413 478
412 479
410 479
409 480
406 480
405 481
401 481
400 482
393 482
392 483
387 483
387 491
392 491
393 492
395 492
396 493
398 493
399 494
401 494
402 495
404 495
405 496
408 496
411 499
411 500
412 501
412 502
413 503
415 503
416 504
418 504
419 505
420 505
421 506
422 506
423 507
424 507
426 509
427 509
428 510
429 510
431 512
432 512
434 514
435 514
437 516
438 516
442 520
443 520
452 529
453 529
458 534
458 535
465 542
465 543
467 545
467 546
468 547
466 549
465 549
464 548
464 547
461 544
461 543
454 536
454 535
451 532
450 532
442 524
441 524
437 520
435 520
432 523
431 523
428 526
427 526
424 529
423 529
422 530
421 530
420 531
418 531
417 532
415 532
414 533
412 533
411 534
408 534
407 535
404 535
403 536
399 536
398 537
393 537
392 538
364 538
363 537
355 537
354 536
350 536
349 535
346 535
345 534
342 534
341 533
339 533
338 532
336 532
335 531
333 531
332 530
329 530
328 529
327 529
324 526
323 526
322 525
321 525
320 524
316 524
311 529
310 529
303 536
303 537
297 543
297 544
295 546
295 547
293 549
293 550
292 551
291 551
289 549
290 548
290 547
291 546
291 545
294 542
294 541
298 537
298 536
310 524
311 524
316 519
317 519
321 515
322 515
327 510
328 510
332 506
333 506
336 503
336 502
337 501
337 499
339 497
339 495
342 492
344 492
345 491
347 491
348 490
351 490
352 489
353 489
353 484
352 483
352 482
333 482
332 481
324 481
323 480
316 480
315 479
311 479
310 478
306 478
305 477
302 477
301 476
298 476
297 475
295 475
294 474
292 474
291 473
290 473
289 472
287 472
285 470
284 470
283 469
282 469
280 467
279 467
276 464
275 464
274 463
274 462
269 457
269 456
268 455
268 454
266 452
266 450
264 448
264 446
263 445
263 443
262 442
262 439
261 438
261 434
260 433
260 427
259 426
259 425
255 421
255 420
254 419
254 418
253 417
253 416
252 415
252 414
251 413
251 411
250 410
250 408
249 407
249 390
250 389
250 387
251 386
251 385
254 382
254 381
255 380
255 379
257 377
257 376
264 369
265 369
267 367
268 367
269 366
270 366
271 365
272 365
273 364
274 364
275 363
276 363
277 362
279 362
280 361
283 361
284 360
290 360
291 359
292 359
293 360
295 360
296 359
297 359
298 360
304 360
305 361
308 361
309 362
310 362
311 363
312 363
313 364
314 364
315 365
316 365
317 366
318 366
320 368
321 368
330 377
330 378
332 380
332 381
334 383
334 385
335 386
335 387
336 388
336 390
337 391
337 394
338 395
341 395
342 394
347 394
348 393
358 393
359 394
364 394
365 395
369 395
369 391
370 390
370 387
371 386
371 383
372 382
372 380
373 379
373 378
374 377
374 376
375 375
375 374
376 373
376 372
377 371
377 370
381 366
381 365
385 361
386 361
388 359
389 359
390 358
391 358
393 356
395 356
396 355
398 355
399 354
402 354
403 353
409 353
410 352
419 352
420 353
425 353
426 354
429 354
430 355
432 355
433 356
435 356
436 357
437 357
438 358
439 358
440 359
441 359
442 360
443 360
445 362
446 362
449 365
450 365
457 372
457 373
459 375
459 376
460 377
460 379
462 381
462 384
463 385
463 389
464 390
464 404
463 405
463 409
462 410
462 412
461 413
461 414
460 415
460 418
459 419
459 423
452 430
451 430
449 432
448 432
447 433
446 433
444 435
442 435
441 436
440 436
439 437
438 437
437 438
435 438
434 439
430 439
429 440
424 440
423 441
413 441
412 440
404 440
403 439
399 439
398 438
395 438
394 437
392 437
390 435
389 435
388 434
387 434
385 432
384 432
376 424
376 423
374 421
374 420
373 419
373 418
372 417
372 416
371 415
371 413
370 412
370 409
369 408
369 403
368 402
368 400
367 399
364 399
363 398
344 398
343 399
340 399
338 401
338 404
337 405
337 408
336 409
336 412
335 413
335 414
334 415
334 416
333 417
333 418
331 420
331 421
323 429
322 429
320 431
319 431
318 432
317 432
316 433
314 433
313 434
311 434
309 432
312 429
314 429
315 428
317 428
318 427
319 427
321 425
322 425
327 420
327 419
329 417
329 416
330 415
330 414
331 413
331 411
332 410
332 407
333 406
333 402
334 401
334 397
333 396
333 393
332 392
332 389
331 388
331 387
330 386
330 384
329 383
329 382
327 380
327 379
320 372
319 372
317 370
316 370
314 368
313 368
312 367
310 367
309 366
307 366
306 365
304 365
303 364
286 364
285 365
281 365
280 366
278 366
277 367
276 367
275 368
274 368
273 369
271 369
269 371
268 371
266 373
265 373
259 379
259 380
258 381
258 382
259 383
259 387
260 388
260 393
261 394
261 402
262 403
262 413
263 414
263 421
264 422
264 425
267 428
268 428
270 430
272 430
273 431
275 431
276 432
279 432
280 433
293 433
294 432
297 432
299 434
297 436
296 436
295 437
278 437
277 436
274 436
273 435
271 435
269 433
268 433
267 432
265 432
265 437
266 438
266 440
267 441
267 444
268 445
268 446
269 447
269 449
270 450
270 451
271 452
271 453
273 455
273 456
281 464
282 464
283 465
284 465
285 466
286 466
287 467
288 467
289 468
290 468
291 469
293 469
294 470
296 470
297 471
299 471
300 472
302 472
303 473
307 473
308 474
312 474
313 475
318 475
319 476
326 476
327 477
346 477
347 478
349 478
350 477
352 477
353 478
354 478
356 480
356 481
357 482
357 493
356 494
356 497
357 498
357 499
359 501
359 502
360 503
360 504
363 507
363 508
365 510
365 511
371 517
371 518
372 519
373 518
374 518
374 516
375 515
375 514
376 513
376 511
377 510
377 509
378 508
378 507
379 506
379 504
381 502
381 501
382 500
382 499
383 498
383 490
382 489
382 486
383 485
383 480
384 479
390 479
391 478
396 478
397 477
400 477
401 476
402 477
403 477
404 476
408 476
409 475
411 475
412 474
414 474
415 473
417 473
418 472
419 472
420 471
422 471
423 470
424 470
425 469
427 469
428 468
429 468
430 467
432 467
433 466
434 466
435 465
436 465
437 464
438 464
439 463
440 463
442 461
443 461
445 459
446 459
451 454
452 454
453 453
453 452
457 448
457 447
460 444
460 443
461 442
461 441
462 440
462 439
463 438
463 437
464 436
464 435
465 434
465 432
466 431
466 430
467 429
467 426
468 425
468 422
469 421
469 416
470 415
470 413
471 412
485 412
486 411
488 411
489 410
490 410
491 409
492 409
495 406
495 405
497 403
497 402
498 401
498 400
499 399
499 389
498 388
498 387
497 386
497 385
494 382
493 382
492 381
490 381
489 380
479 380
478 381
476 381
472 385
470 383
470 382
471 381
471 380
472 379
473 379
475 377
477 377
478 376
481 376
482 375
487 375
488 376
491 376
492 377
493 377
495 379
496 379
498 381
499 381
502 384
502 387
503 388
504 387
503 388
502 387
502 383
500 381
499 381
497 379
496 379
494 377
492 377
491 376
488 376
487 375
482 375
481 376
478 376
477 377
475 377
474 378
473 378
472 379
471 379
471 380
470 381
470 384
471 385
473 385
477 381
478 381
479 380
489 380
490 381
491 381
492 382
493 382
497 386
497 387
499 389
499 399
497 401
497 402
495 404
495 405
491 409
490 409
489 410
488 410
487 411
486 411
485 412
470 412
470 415
469 416
469 421
468 422
468 425
467 426
467 428
466 429
466 431
465 432
465 433
464 434
464 435
463 436
463 437
462 438
462 439
461 440
461 441
460 442
460 443
457 446
457 447
453 451
453 452
451 454
450 454
445 459
444 459
442 461
441 461
439 463
438 463
437 464
436 464
435 465
434 465
433 466
432 466
431 467
430 467
429 468
427 468
426 469
425 469
424 470
423 470
422 471
420 471
419 472
418 472
417 473
415 473
414 474
412 474
411 475
409 475
408 476
404 476
403 477
402 477
401 476
400 477
397 477
396 478
391 478
390 479
383 479
383 485
382 486
382 489
383 490
383 497
382 498
382 499
381 500
381 501
380 502
380 503
379 504
379 505
378 506
378 508
377 509
377 510
376 511
376 513
375 514
375 515
374 516
374 517
373 518
372 518
371 517
371 516
365 510
365 509
363 507
363 506
360 503
360 502
359 501
359 500
357 498
357 497
356 496
356 494
357 493
357 482
356 481
356 479
355 478
353 478
352 477
350 477
349 478
347 478
346 477
327 477
326 476
319 476
318 475
313 475
312 474
308 474
307 473
303 473
302 472
300 472
299 471
297 471
296 470
294 470
293 469
291 469
289 467
288 467
287 466
286 466
285 465
284 465
283 464
282 464
273 455
273 454
271 452
271 451
270 450
270 449
269 448
269 447
268 446
268 445
267 444
267 441
266 440
266 438
265 437
265 433
266 432
267 433
268 433
269 434
270 434
271 435
273 435
274 436
277 436
278 437
295 437
296 436
298 436
299 435
299 433
298 432
294 432
293 433
280 433
279 432
276 432
275 431
273 431
272 430
271 430
269 428
268 428
264 424
264 422
263 421
263 414
262 413
262 403
261 402
261 394
260 393
260 388
259 387
259 383
258 382
258 381
266 373
267 373
269 371
270 371
272 369
274 369
275 368
276 368
278 366
280 366
281 365
285 365
286 364
303 364
304 365
306 365
307 366
308 366
309 367
311 367
312 368
313 368
315 370
316 370
318 372
319 372
327 380
327 381
329 383
329 384
330 385
330 386
331 387
331 388
332 389
332 392
333 393
333 396
334 397
334 401
333 402
333 406
332 407
332 410
331 411
331 412
330 413
330 414
329 415
329 416
327 418
327 419
321 425
320 425
318 427
317 427
316 428
315 428
314 429
312 429
311 430
310 430
309 431
309 433
310 434
313 434
314 433
316 433
317 432
319 432
320 431
321 431
323 429
324 429
331 422
331 421
333 419
333 418
334 417
334 415
335 414
335 413
336 412
336 409
337 408
337 405
338 404
338 402
341 399
343 399
344 398
363 398
364 399
367 399
368 400
368 402
369 403
369 408
370 409
370 412
371 413
371 415
372 416
372 417
373 418
373 420
374 421
374 422
376 424
376 425
383 432
384 432
386 434
387 434
388 435
389 435
390 436
391 436
392 437
394 437
395 438
398 438
399 439
403 439
404 440
412 440
413 441
423 441
424 440
429 440
430 439
434 439
435 438
437 438
438 437
439 437
440 436
442 436
443 435
445 435
447 433
448 433
449 432
450 432
452 430
453 430
459 424
459 419
460 418
460 416
461 415
461 413
462 412
462 410
463 409
463 405
464 404
464 390
463 389
463 385
462 384
462 381
461 380
461 379
460 378
460 376
459 375
459 374
457 372
457 371
451 365
450 365
447 362
446 362
444 360
443 360
442 359
441 359
440 358
438 358
437 357
436 357
435 356
433 356
432 355
430 355
429 354
426 354
425 353
420 353
419 352
410 352
409 353
403 353
402 354
399 354
398 355
396 355
395 356
393 356
392 357
391 357
390 358
389 358
388 359
387 359
385 361
384 361
382 363
382 364
377 369
377 370
376 371
376 372
375 373
375 374
374 375
374 377
373 378
373 379
372 380
372 382
371 383
371 386
370 387
370 390
369 391
369 394
368 395
365 395
364 394
359 394
358 393
348 393
347 394
342 394
341 395
338 395
337 394
337 391
336 390
336 388
335 387
335 385
334 384
334 382
332 380
332 379
330 377
330 376
322 368
321 368
319 366
318 366
317 365
316 365
315 364
314 364
313 363
311 363
310 362
309 362
308 361
305 361
304 360
298 360
297 359
296 359
295 360
293 360
292 359
291 359
290 360
284 360
283 361
280 361
279 362
277 362
276 363
274 363
273 364
272 364
271 365
270 365
269 366
268 366
267 367
266 367
264 369
263 369
257 375
257 376
255 378
255 379
254 380
254 381
251 384
251 385
250 386
250 389
249 390
249 407
250 408
250 410
251 411
251 413
252 414
252 416
253 417
253 418
254 419
254 420
255 421
255 422
259 426
259 427
260 428
260 433
261 434
261 438
262 439
262 442
263 443
263 445
264 446
264 448
265 449
265 450
266 451
266 452
267 453
267 454
268 455
268 456
269 457
269 458
274 463
274 464
275 464
278 467
279 467
281 469
282 469
283 470
284 470
285 471
286 471
287 472
288 472
289 473
291 473
292 474
294 474
295 475
297 475
298 476
301 476
302 477
305 477
306 478
310 478
311 479
315 479
316 480
323 480
324 481
332 481
333 482
351 482
353 484
353 488
351 490
348 490
347 491
345 491
344 492
341 492
339 494
339 496
338 497
338 498
337 499
337 501
332 506
331 506
327 510
326 510
321 515
320 515
316 519
315 519
310 524
309 524
298 535
298 536
294 540
294 541
291 544
291 545
290 546
290 547
289 548
289 550
290 551
293 551
293 550
295 548
295 547
297 545
297 544
303 538
303 537
311 529
312 529
317 524
319 524
320 525
321 525
322 526
323 526
326 529
328 529
329 530
332 530
333 531
335 531
336 532
338 532
339 533
341 533
342 534
345 534
346 535
349 535
350 536
354 536
355 537
363 537
364 538
392 538
393 537
398 537
399 536
403 536
404 535
407 535
408 534
411 534
412 533
414 533
415 532
417 532
418 531
420 531
421 530
422 530
423 529
425 529
428 526
429 526
432 523
433 523
436 520
440 524
441 524
449 532
450 532
454 536
454 537
461 544
461 545
464 548
464 549
467 549
468 548
468 546
467 545
467 544
465 542
465 541
458 534
458 533
454 529
453 529
444 520
443 520
439 516
438 516
436 514
435 514
433 512
432 512
430 510
429 510
428 509
427 509
425 507
424 507
423 506
421 506
420 505
419 505
418 504
416 504
415 503
414 503
411 500
411 498
410 497
409 497
408 496
405 496
404 495
402 495
401 494
399 494
398 493
396 493
395 492
393 492
392 491
388 491
387 490
387 484
388 483
392 483
393 482
400 482
401 481
405 481
406 480
409 480
410 479
412 479
413 478
416 478
417 477
418 477
419 476
421 476
422 475
423 475
424 474
427 474
429 472
431 472
432 471
433 471
434 470
435 470
436 469
437 469
438 468
440 468
442 466
444 466
447 463
448 463
453 458
454 458
457 455
457 454
461 450
461 449
463 447
463 446
464 445
464 444
466 442
466 441
467 440
467 438
468 437
468 436
469 435
469 434
470 433
470 431
471 430
471 428
472 427
472 424
473 423
473 419
475 417
484 417
485 416
487 416
488 415
490 415
491 414
492 414
494 412
495 412
499 408
499 407
501 405
501 404
503 402
503 401
504 400
504 396
505 395
505 393
506 392
506 390
507 389
507 388
508 387
508 385
509 384
509 382
510 381
510 380
511 379
511 377
512 376
512 373
513 372
513 369
514 368
514 364
515 363
515 357
516 356
516 349
517 348
517 336
518 335
518 308
517 307
