336 190
335 191
327 191
326 192
320 192
319 193
316 193
315 194
312 194
311 195
309 195
308 196
307 196
306 197
304 197
303 198
301 198
300 199
298 199
297 200
296 200
295 201
293 201
292 202
291 202
290 203
289 203
287 205
286 205
285 206
284 206
283 207
282 207
280 209
279 209
277 211
276 211
273 214
272 214
263 223
262 223
260 225
260 226
255 231
255 232
253 234
253 235
251 237
251 239
250 240
250 242
251 243
254 243
255 242
256 242
257 241
257 238
258 237
258 236
261 233
261 232
272 221
273 221
278 216
279 216
281 214
282 214
284 212
285 212
287 210
288 210
289 209
290 209
291 208
292 208
293 207
294 207
296 205
298 205
299 204
300 204
301 203
303 203
304 202
305 202
306 201
308 201
309 200
311 200
312 199
314 199
315 198
318 198
319 197
324 197
325 196
332 196
333 195
357 195
358 196
368 196
368 192
365 192
364 191
356 191
355 190
