186 283
188 285
189 285
191 287
192 287
193 288
194 288
196 290
198 290
200 292
200 294
199 295
199 296
198 297
198 298
197 299
195 299
194 300
193 300
192 301
191 301
191 305
192 306
192 307
195 310
195 311
199 315
200 315
201 316
202 316
207 321
207 322
208 323
210 323
211 324
209 326
209 328
207 330
206 330
206 331
203 334
203 337
204 338
204 339
205 340
205 341
203 343
203 354
202 355
202 356
201 357
200 357
199 358
199 359
198 360
198 364
197 365
197 372
198 373
198 374
200 376
200 385
201 386
201 387
202 387
205 390
205 391
207 393
207 399
206 400
207 401
206 402
206 404
204 406
204 407
203 408
203 415
202 416
203 417
203 418
202 419
201 419
200 420
200 425
201 425
202 426
203 426
204 425
206 427
206 428
207 429
207 431
208 432
209 432
210 433
211 433
213 435
214 435
213 435
211 433
210 433
209 432
208 432
207 431
207 429
206 428
206 427
204 425
203 426
202 426
200 424
200 421
202 419
203 419
203 417
202 416
203 415
203 408
205 406
205 405
207 403
211 403
207 403
206 402
207 401
211 401
213 399
222 399
223 398
224 398
225 399
231 399
232 400
231 401
225 401
231 401
232 402
231 401
232 400
233 400
234 401
235 401
239 405
235 401
234 401
233 400
232 400
231 399
225 399
224 398
223 398
222 399
213 399
211 401
207 401
206 400
207 399
207 392
204 389
204 388
203 388
200 385
200 375
202 373
203 373
209 367
210 367
211 368
205 374
211 368
210 367
212 365
214 365
215 366
214 367
213 367
214 367
215 366
216 366
217 365
216 364
218 362
223 362
224 361
226 361
229 358
230 358
230 357
232 355
232 354
234 352
234 351
236 349
234 351
234 352
232 354
232 355
226 361
224 361
223 362
218 362
216 364
215 364
214 365
212 365
210 367
209 367
203 373
202 373
200 375
197 372
197 365
198 364
198 360
202 356
202 355
203 354
203 343
205 341
205 339
203 337
203 334
208 329
209 329
209 326
211 324
210 323
211 322
215 322
217 324
218 324
219 325
220 325
221 326
223 326
224 327
223 326
221 326
220 325
219 325
218 324
217 324
215 322
211 322
210 323
209 323
206 320
206 319
204 317
203 317
202 316
201 316
194 309
194 308
191 305
191 302
193 300
194 300
195 299
198 299
198 297
201 294
205 294
201 294
200 293
201 292
205 292
206 291
206 290
207 289
209 289
207 289
204 292
201 292
200 291
199 291
198 290
197 290
196 289
195 289
194 288
193 288
191 286
190 286
188 284
187 284
