113 18
109 22
107 22
106 23
105 23
103 25
101 25
99 27
98 27
98 28
97 29
97 36
94 39
92 39
91 40
88 40
86 42
85 42
84 43
83 42
83 40
75 40
71 44
71 46
70 47
70 50
69 51
68 50
68 48
67 47
67 45
62 40
58 40
56 42
55 42
54 41
54 40
47 40
47 41
46 42
46 44
44 46
43 46
42 47
42 48
41 49
41 51
39 53
37 51
37 50
35 48
35 47
34 47
31 44
30 44
29 43
28 43
27 42
26 42
25 41
20 41
17 44
17 45
16 46
16 47
15 48
15 49
12 52
12 53
11 54
8 54
8 61
9 62
9 63
17 71
17 72
19 74
19 76
23 80
23 81
24 82
24 88
25 89
30 89
31 88
33 88
34 89
34 90
32 92
31 92
31 100
30 101
30 105
32 107
32 108
33 109
33 111
37 115
37 116
38 117
38 118
39 119
40 119
45 124
51 124
54 127
55 127
56 128
57 128
58 129
63 129
64 128
64 126
65 125
65 124
68 121
69 121
70 120
74 120
75 119
76 119
78 121
79 121
80 122
80 123
81 124
82 124
85 127
85 128
86 129
86 130
81 135
81 140
82 141
88 141
89 142
89 147
90 148
91 148
92 149
93 149
94 150
95 150
96 151
98 151
99 152
99 153
97 155
97 156
96 157
96 160
95 161
94 161
92 163
91 163
91 164
90 165
90 166
89 167
88 167
87 166
86 166
85 165
71 165
70 166
69 166
69 171
70 172
70 173
65 178
64 178
63 179
63 184
64 185
65 185
67 187
69 187
70 188
71 188
72 189
73 189
77 193
78 193
81 196
81 197
82 197
83 198
84 198
85 199
86 199
91 204
92 204
93 205
96 205
97 206
99 206
100 207
101 207
102 208
104 208
105 209
105 211
104 212
104 218
105 219
105 220
106 221
106 222
107 223
107 224
109 226
110 226
114 230
117 230
118 231
118 232
119 233
119 234
122 237
122 241
124 243
124 244
125 245
125 247
126 248
126 249
127 250
128 250
133 255
133 256
135 258
135 259
138 262
138 263
142 267
145 267
146 268
146 269
147 270
147 272
149 274
149 275
152 278
153 278
154 279
154 289
155 290
155 292
158 295
158 298
159 299
165 299
166 300
166 301
170 305
173 305
174 306
174 309
176 311
178 311
181 314
184 314
185 315
183 317
182 317
181 318
180 318
179 319
178 319
177 320
177 326
178 327
178 329
180 331
180 332
182 334
182 335
184 337
187 337
188 338
188 340
189 341
190 341
192 343
191 344
191 350
190 351
187 351
187 358
188 359
188 360
189 361
189 373
188 374
188 375
185 378
185 379
184 380
184 385
183 386
183 387
182 388
182 393
183 394
183 395
186 398
186 405
188 407
188 408
190 410
190 411
191 412
191 416
192 417
192 418
191 419
191 421
190 422
190 423
189 424
189 425
188 426
188 428
187 429
187 440
188 441
188 442
189 443
189 445
190 446
190 455
189 456
189 457
188 458
188 459
187 460
178 460
177 461
176 461
174 463
174 464
170 468
169 468
168 469
162 469
158 473
157 473
156 474
150 474
150 475
149 476
149 480
148 481
148 482
147 483
145 483
144 482
134 482
133 483
133 484
131 486
128 486
127 487
127 491
128 492
128 493
129 494
129 504
130 505
130 506
135 511
136 511
137 512
138 512
139 513
139 517
138 518
136 516
133 516
131 514
131 513
130 512
130 511
129 510
124 510
123 511
122 511
120 513
112 513
109 516
106 513
100 513
99 514
99 523
98 524
97 524
95 526
95 527
92 530
82 530
80 532
80 533
79 534
78 534
77 533
72 533
72 544
76 544
76 543
77 542
78 542
79 543
79 546
78 547
78 551
79 552
79 554
84 554
84 551
85 550
88 550
90 548
91 549
91 557
92 557
93 558
92 559
92 561
91 562
91 568
90 569
90 582
89 583
89 605
87 607
86 607
86 612
87 612
88 613
89 613
90 614
90 618
95 618
95 614
96 613
97 613
98 612
100 612
101 611
103 611
106 608
106 607
107 606
109 606
110 605
111 605
111 604
112 603
112 602
113 601
113 600
114 599
114 597
115 596
115 595
119 591
120 591
121 590
123 590
124 589
126 589
127 588
128 588
129 587
130 587
131 586
132 586
133 585
135 585
136 584
137 584
138 583
141 583
142 582
143 582
144 581
144 579
145 578
145 576
146 575
153 575
154 574
155 574
157 572
157 571
158 570
158 564
159 563
160 563
161 562
162 562
162 557
161 556
162 555
163 555
165 553
165 552
166 551
166 547
165 546
165 542
166 541
171 541
172 542
172 543
177 543
179 541
183 541
185 539
186 539
187 538
189 538
190 537
191 537
192 536
193 536
197 532
198 532
199 531
200 531
201 530
202 530
204 528
209 528
210 527
210 526
211 525
211 523
212 522
212 521
214 519
215 519
216 520
220 520
221 519
221 517
223 515
225 515
227 513
227 512
229 510
231 510
232 509
235 509
236 508
236 507
237 506
237 505
238 504
243 504
244 503
245 503
246 502
246 494
247 493
250 493
251 492
251 491
252 490
252 488
254 486
254 482
255 481
255 474
254 473
254 472
253 471
253 470
254 469
256 469
257 468
257 464
255 462
257 460
257 456
258 455
260 455
260 454
261 453
261 445
259 443
259 442
260 441
261 441
261 435
259 433
259 432
258 431
258 430
256 428
256 422
255 421
255 420
256 419
256 412
257 411
258 411
258 407
254 407
253 406
254 405
255 405
255 403
256 402
256 397
254 395
254 392
255 391
256 391
256 387
253 387
252 386
252 382
250 380
250 379
249 378
249 375
248 374
248 373
247 372
247 370
248 369
248 364
247 363
247 362
244 359
244 358
243 357
243 356
242 355
242 352
241 351
241 349
242 348
242 343
240 341
240 339
239 338
240 337
243 337
244 338
244 341
249 341
249 336
245 336
244 335
244 332
240 332
240 336
239 337
238 336
238 335
235 335
233 333
233 332
231 332
230 331
230 330
227 327
227 326
226 325
226 324
225 323
225 322
224 321
224 320
223 319
223 317
222 316
221 316
219 314
220 313
220 307
217 307
216 306
216 305
215 304
214 304
209 299
206 299
205 298
205 297
203 295
202 295
199 292
199 291
198 290
196 290
195 289
194 289
191 286
190 286
179 275
179 274
178 273
178 271
177 270
177 269
176 268
175 268
169 262
168 262
167 261
167 260
162 255
162 254
160 252
160 251
159 250
159 249
158 248
158 247
157 246
157 245
156 244
156 240
157 239
157 235
156 234
156 233
155 232
155 231
154 230
154 229
152 229
150 227
150 226
149 225
148 225
146 223
144 223
142 221
141 221
140 220
140 219
138 217
138 216
136 214
136 213
134 211
134 210
133 209
133 208
132 207
132 203
131 202
131 201
129 199
129 198
126 195
128 193
130 193
130 190
131 189
131 188
132 187
132 182
133 181
133 172
134 171
134 170
137 167
137 165
138 164
138 160
139 159
143 159
144 158
145 158
147 156
148 156
149 155
149 154
152 151
152 150
154 148
156 148
157 147
159 147
159 146
161 144
161 133
162 132
163 132
164 131
164 130
165 129
166 129
166 127
167 126
168 126
170 128
171 128
172 129
176 129
176 127
177 126
179 126
179 125
180 124
181 124
182 125
183 125
184 126
184 127
185 127
186 128
186 129
196 129
196 125
192 125
191 124
192 123
192 122
193 121
193 119
195 117
196 118
196 120
200 120
202 118
203 118
203 113
202 113
201 112
199 112
198 111
198 106
199 105
201 105
202 104
203 105
203 109
207 109
207 103
208 102
208 99
210 97
210 93
209 93
208 92
208 91
207 90
206 90
203 87
197 87
196 88
195 88
194 89
191 89
190 88
187 88
185 86
185 85
183 85
182 84
180 84
176 80
176 78
175 77
174 77
171 74
167 74
164 71
164 63
163 62
163 61
162 60
161 60
160 59
160 56
162 54
164 54
166 52
166 50
167 49
167 47
168 46
168 42
167 41
166 41
162 37
161 37
160 36
153 36
151 38
149 36
149 35
148 35
147 34
145 34
144 33
139 33
138 34
137 34
136 35
133 32
132 32
130 30
128 30
126 28
126 26
123 23
123 22
121 20
121 19
120 18
