114 18
110 22
108 22
107 23
106 23
104 25
102 25
101 26
100 26
98 28
98 29
97 30
97 34
98 35
98 36
97 37
96 37
93 40
89 40
88 41
87 41
85 43
84 43
83 42
83 40
76 40
75 41
74 41
72 43
72 44
71 45
71 47
70 48
70 50
69 51
67 49
67 46
65 44
65 43
63 41
58 41
56 43
55 43
54 42
54 41
53 40
48 40
46 42
46 45
45 46
44 46
42 48
42 49
41 50
41 52
40 53
39 53
36 50
36 49
32 45
31 45
30 44
29 44
28 43
27 43
26 42
19 42
18 43
18 44
17 45
17 46
16 47
16 48
14 50
14 51
13 52
12 52
12 53
11 54
8 54
8 60
9 61
9 62
11 64
11 65
12 65
17 70
17 71
19 73
19 75
20 76
20 77
21 78
22 78
23 79
23 80
24 81
24 87
25 88
31 88
32 87
34 87
35 88
35 89
32 92
32 98
31 99
31 106
33 108
33 109
34 110
34 112
38 116
38 118
39 119
41 119
43 121
43 122
44 123
45 123
46 124
52 124
55 127
56 127
58 129
62 129
64 127
64 125
65 124
65 123
67 121
68 121
69 120
73 120
75 118
76 118
82 124
83 124
84 125
84 126
86 128
87 128
88 129
84 133
83 133
82 134
82 140
83 141
88 141
89 142
89 146
91 148
92 148
93 149
94 149
95 150
96 150
97 151
99 151
100 152
100 153
97 156
97 159
93 163
92 163
91 164
91 165
89 167
87 167
86 166
84 166
83 165
72 165
71 166
70 166
70 173
69 174
69 175
66 178
65 178
64 179
64 184
66 186
67 186
68 187
70 187
71 188
72 188
76 192
77 192
82 197
84 197
90 203
91 203
92 204
93 204
94 205
97 205
98 206
100 206
101 207
102 207
103 208
104 208
106 210
105 211
105 219
106 220
106 221
107 222
107 223
110 226
111 226
112 227
112 228
113 229
114 229
115 230
117 230
119 232
119 233
120 234
120 235
122 237
122 240
123 241
123 242
125 244
125 246
126 247
126 248
129 251
130 251
131 252
131 253
134 256
134 257
137 260
137 261
143 267
145 267
147 269
147 271
148 272
148 273
150 275
150 276
151 277
152 277
154 279
154 287
155 288
155 291
158 294
158 298
159 299
165 299
167 301
167 302
169 304
172 304
175 307
175 310
176 310
177 311
178 311
181 314
184 314
185 315
185 316
184 317
183 317
182 318
181 318
180 319
179 319
177 321
177 325
178 326
178 328
180 330
180 331
181 332
181 333
183 335
183 336
186 336
188 338
188 339
190 341
191 341
192 342
192 349
190 351
188 351
187 352
187 357
188 358
188 359
189 360
189 366
190 367
190 370
189 371
189 374
185 378
185 382
184 383
184 386
183 387
183 395
186 398
186 404
188 406
188 407
189 408
189 409
191 411
191 414
192 415
192 420
191 421
191 422
190 423
190 424
189 425
189 426
188 427
188 429
187 430
187 439
188 440
188 441
189 442
189 443
190 444
190 450
191 451
191 453
190 454
190 456
189 457
189 458
186 461
185 460
179 460
178 461
177 461
168 470
162 470
160 472
159 472
157 474
150 474
150 476
149 477
149 483
148 484
147 484
146 483
143 483
142 482
135 482
133 484
133 485
132 486
128 486
128 492
129 493
129 494
130 495
130 496
129 497
129 503
130 504
130 505
134 509
134 510
135 511
137 511
139 513
139 517
138 518
137 517
133 517
130 514
130 511
123 511
121 513
113 513
110 516
108 516
106 514
100 514
99 515
99 521
100 522
100 523
99 524
98 524
95 527
95 528
92 531
91 531
90 530
83 530
82 531
81 531
81 532
79 534
76 534
76 540
78 540
79 541
79 546
78 547
78 551
79 551
80 552
80 554
84 554
84 551
85 550
87 550
89 548
90 548
91 549
91 550
93 552
92 553
91 553
91 557
92 557
93 558
93 559
92 560
92 563
91 564
91 570
90 571
90 583
89 584
89 604
90 605
88 607
87 607
87 612
88 612
90 614
90 618
95 618
95 614
97 612
98 612
99 611
102 611
103 610
104 610
105 609
105 608
108 605
110 605
111 604
111 603
112 602
112 601
113 600
113 598
114 597
114 596
115 595
115 594
118 591
119 591
120 590
122 590
123 589
125 589
126 588
127 588
128 587
129 587
130 586
131 586
132 585
134 585
135 584
136 584
137 583
139 583
140 582
142 582
143 581
144 581
144 578
145 577
145 576
146 575
147 575
148 574
154 574
157 571
157 563
158 562
161 562
161 555
162 554
164 554
165 553
165 541
166 540
171 540
172 541
172 543
177 543
179 541
183 541
183 540
184 539
185 539
186 538
188 538
189 537
190 537
191 536
192 536
197 531
200 531
202 529
203 529
204 528
209 528
210 527
210 524
211 523
211 522
212 521
212 520
213 519
220 519
221 518
221 516
222 515
224 515
227 512
227 511
229 509
232 509
233 508
236 508
236 506
239 503
245 503
245 494
247 492
250 492
251 491
251 489
252 488
252 487
253 486
253 482
255 480
255 474
253 472
253 469
254 468
256 468
256 463
255 462
255 461
256 460
256 456
257 455
260 455
260 453
261 452
261 446
260 445
260 444
259 443
259 442
260 441
261 441
261 436
259 434
259 433
258 432
258 431
257 430
257 429
255 427
255 419
256 418
256 414
255 413
255 412
256 411
257 411
257 407
254 407
253 406
254 405
255 405
255 397
254 396
254 392
255 391
255 387
253 387
251 385
251 381
249 379
249 378
248 377
248 374
247 373
247 363
246 362
246 361
243 358
243 357
242 356
242 355
241 354
241 348
242 347
242 343
241 343
240 342
240 340
239 339
239 338
240 337
244 337
245 338
245 341
249 341
249 337
245 337
244 336
244 333
240 333
240 337
239 338
238 337
238 336
235 336
233 334
232 334
231 333
231 332
229 330
229 329
226 326
226 325
225 324
225 323
224 322
224 321
223 320
223 318
222 318
221 317
221 316
219 314
220 313
220 308
219 308
218 307
216 307
215 306
215 305
214 305
210 301
210 300
208 300
207 299
206 299
205 298
205 297
204 296
203 296
198 291
195 291
194 290
194 289
192 287
191 287
188 284
187 284
185 282
185 281
178 274
178 272
177 271
177 270
173 266
172 266
163 257
163 256
161 254
161 253
159 251
159 250
158 249
158 248
157 247
157 246
156 245
156 244
155 243
155 242
156 241
156 234
155 233
155 232
154 231
154 230
153 229
151 229
150 228
150 227
147 224
146 224
145 223
143 223
139 219
139 218
136 215
136 214
135 213
135 212
133 210
133 209
132 208
132 204
131 203
131 202
129 200
129 199
127 197
127 196
126 195
128 193
129 193
130 192
130 189
131 188
131 187
132 186
132 181
133 180
133 171
136 168
136 166
137 165
137 164
138 163
138 160
139 159
142 159
143 158
145 158
151 152
151 151
152 150
152 149
153 148
156 148
157 147
159 147
159 146
160 145
160 133
161 132
163 132
163 131
166 128
166 127
167 126
169 126
171 128
176 128
176 127
177 126
179 126
179 125
181 123
182 124
182 125
185 125
186 126
186 129
190 129
190 125
191 124
191 123
193 121
193 118
195 116
196 117
196 119
200 119
201 118
203 118
203 113
202 113
201 112
198 112
197 111
197 107
196 107
195 106
196 105
200 105
202 103
203 104
203 108
207 108
207 103
208 102
208 98
209 97
209 93
203 87
198 87
197 88
196 88
195 89
193 89
192 90
190 88
186 88
185 87
185 85
181 85
176 80
176 78
175 77
173 77
170 74
166 74
164 72
164 71
163 70
163 61
162 61
159 58
160 57
160 56
162 54
164 54
165 53
165 51
166 50
166 49
167 48
167 47
168 46
168 42
167 42
163 38
162 38
161 37
160 37
159 36
155 36
154 37
153 37
152 38
151 38
148 35
147 35
146 34
138 34
137 35
135 35
131 31
129 31
128 30
127 30
126 29
126 27
124 25
124 24
122 22
122 21
119 18
