395 244
395 245
394 246
393 246
393 248
392 249
375 249
374 250
373 250
373 251
372 252
372 257
371 258
370 258
369 257
370 256
370 251
366 251
365 250
365 249
360 249
359 248
354 248
354 254
358 254
359 255
363 255
364 256
363 257
359 257
359 263
365 263
366 264
367 264
368 265
372 265
373 266
374 266
375 267
376 267
377 268
382 268
382 267
383 266
384 267
411 267
411 266
412 265
412 261
413 260
414 261
414 267
441 267
443 265
443 251
442 250
441 250
440 249
434 249
433 250
432 249
432 245
431 244
426 244
425 245
425 249
424 250
423 250
422 249
414 249
414 254
413 255
412 254
412 251
411 250
411 249
402 249
401 248
401 245
400 244
