419 281
418 282
417 282
415 284
415 291
418 294
419 294
422 297
422 298
423 299
421 301
420 301
419 300
419 298
418 297
414 297
414 299
415 300
415 302
417 304
424 304
427 301
428 302
428 304
432 304
432 301
433 300
436 300
437 301
437 304
441 304
441 299
440 298
440 294
439 293
439 288
438 287
438 282
432 282
431 283
431 287
430 288
430 293
429 294
429 299
428 300
427 299
427 296
426 295
426 294
422 290
421 290
419 288
419 286
420 285
421 285
422 286
422 287
423 288
426 288
427 287
427 286
426 285
426 283
425 282
423 282
422 281
