397 246
397 247
396 248
395 248
395 251
394 252
394 256
393 257
392 257
391 256
391 251
389 251
388 252
387 252
386 251
384 251
382 253
380 251
377 251
376 252
375 252
375 253
374 254
374 263
375 264
375 265
376 265
377 266
378 266
379 267
381 267
381 265
382 264
382 263
383 262
384 263
384 265
385 265
386 266
389 266
391 264
392 265
392 266
395 266
395 265
396 264
397 264
398 265
398 266
404 266
405 265
405 264
406 263
407 264
407 266
410 266
410 265
411 264
411 259
410 258
411 257
411 253
410 252
410 251
408 251
406 253
405 252
405 251
402 251
402 261
401 262
400 261
400 257
399 256
399 252
398 251
399 250
399 249
400 248
400 247
399 246
