368 432
368 433
367 434
364 434
364 452
363 453
362 453
361 452
361 435
360 434
357 434
356 435
356 436
357 437
357 442
356 443
356 444
357 445
356 446
356 448
357 449
357 450
356 451
356 452
357 453
357 454
358 455
358 456
359 456
360 457
365 457
366 456
367 456
368 455
368 444
369 443
369 438
371 436
372 437
372 438
371 439
371 452
372 453
372 454
373 455
373 456
374 456
375 457
380 457
381 456
382 456
383 455
383 437
384 436
384 432
382 432
382 433
381 434
375 434
374 435
373 435
372 436
371 435
371 434
372 433
372 432
