397 244
395 246
394 246
391 249
375 249
374 250
373 250
373 251
372 252
371 252
369 250
366 250
365 249
364 249
363 248
359 248
358 247
355 247
353 249
353 252
354 253
354 254
355 254
356 255
359 255
360 256
359 257
359 258
358 259
358 261
359 262
359 263
360 263
361 264
366 264
367 265
372 265
373 266
374 266
376 268
377 268
378 269
381 269
383 267
410 267
412 265
413 265
415 267
440 267
441 266
442 266
442 265
443 264
443 260
444 259
444 255
443 254
443 252
442 251
442 250
441 250
440 249
434 249
433 250
432 249
432 247
431 246
431 245
430 245
429 244
427 244
425 246
425 249
424 250
423 250
422 249
415 249
413 251
412 251
410 249
402 249
401 248
401 246
399 244
