407 397
405 399
404 399
403 400
402 400
402 401
401 402
393 402
392 403
391 403
390 402
385 402
384 403
383 403
383 404
382 405
382 412
381 413
381 415
382 416
382 418
383 419
383 420
384 420
385 421
387 421
388 422
390 422
392 420
394 420
395 421
414 421
415 420
416 420
417 421
419 421
420 420
421 420
421 419
422 418
425 421
430 421
431 420
433 420
434 421
442 421
443 420
444 420
445 421
449 421
450 420
451 420
452 419
452 418
453 417
453 406
452 405
452 404
451 403
450 403
449 402
445 402
444 403
443 403
442 402
442 399
440 397
437 397
436 398
435 398
435 399
434 400
434 402
433 403
432 403
431 402
425 402
422 405
421 404
421 403
420 403
419 402
417 402
416 403
415 403
414 402
412 402
411 401
411 399
409 397
