63 517
58 522
59 523
60 523
61 524
61 525
62 526
61 527
61 529
62 530
62 531
61 532
65 536
63 538
61 536
59 538
58 537
57 538
56 537
54 537
52 535
50 535
47 538
46 538
44 536
43 537
42 537
41 536
40 537
38 537
37 538
35 536
35 535
34 534
33 535
29 535
28 536
28 542
29 543
31 541
33 541
34 542
35 541
36 542
37 542
38 541
40 543
42 541
44 543
46 541
45 540
45 539
46 538
51 543
52 543
53 544
54 544
56 542
57 543
58 543
59 542
60 542
61 543
63 541
65 543
67 541
66 540
66 539
67 538
65 536
65 535
68 532
68 531
66 529
68 527
68 526
67 525
67 520
64 517
