117 1
116 2
114 2
113 3
112 3
109 6
106 6
105 7
104 7
103 8
103 9
102 10
102 11
101 12
101 15
102 16
102 17
100 19
99 19
97 21
92 21
91 22
89 22
88 23
87 23
85 25
85 26
84 27
83 27
82 26
81 26
76 21
75 21
73 23
73 25
70 28
70 29
69 30
69 32
68 33
66 33
62 29
62 28
58 24
57 24
56 23
55 24
55 27
52 30
51 30
50 29
50 28
49 27
49 26
46 23
45 23
36 32
36 34
35 35
33 35
31 33
30 33
28 31
27 31
23 27
22 27
20 25
19 25
18 24
17 24
16 23
14 23
13 24
12 24
11 25
11 26
8 29
8 30
4 34
3 34
2 35
2 36
1 37
1 40
7 46
7 47
12 52
12 53
14 55
14 56
16 58
16 59
17 60
17 63
19 65
19 66
20 67
20 68
21 69
24 66
24 65
25 64
24 63
24 62
25 61
26 61
28 63
29 63
31 65
31 73
28 76
28 77
27 78
27 82
26 83
26 86
32 92
32 93
39 100
40 100
41 101
43 101
44 102
48 102
50 104
51 104
52 105
53 105
56 108
57 108
59 106
60 106
63 103
64 103
65 102
66 102
70 98
71 98
72 97
76 97
77 96
78 96
79 97
80 97
82 99
83 99
91 107
91 108
93 110
92 111
91 111
89 113
87 113
84 116
87 119
92 119
96 123
96 126
97 127
101 127
103 129
103 132
104 133
104 134
99 139
98 139
97 140
99 142
99 144
98 145
96 145
91 150
89 150
86 147
84 147
83 146
81 146
80 145
71 145
69 147
69 149
72 152
72 154
68 158
68 159
67 160
66 160
64 162
65 163
66 163
67 164
68 164
70 166
71 166
72 167
73 167
74 168
76 168
79 171
80 171
83 174
84 174
85 175
87 175
93 181
94 181
95 182
100 182
101 183
102 183
103 184
105 184
106 185
107 185
108 186
110 186
112 188
112 189
113 190
113 191
111 193
111 196
110 197
111 198
111 199
114 202
114 203
115 204
115 205
116 206
116 207
117 208
118 208
119 209
122 209
123 210
125 210
126 211
127 211
128 212
128 213
129 214
129 215
130 216
130 222
131 223
131 224
134 227
135 227
138 230
138 231
144 237
144 238
147 241
148 241
149 242
149 243
150 244
151 244
152 245
155 245
156 246
156 247
161 252
161 253
165 257
165 263
164 264
164 266
165 267
165 268
166 269
166 270
168 272
168 273
169 274
169 275
172 278
175 278
176 277
176 276
177 275
179 277
179 278
183 282
184 282
186 284
187 284
189 286
190 286
192 288
193 288
194 289
195 289
197 291
199 291
201 293
198 296
198 298
197 299
194 299
193 300
192 300
190 302
190 303
191 304
191 306
194 309
194 310
200 316
201 316
202 317
203 317
206 320
206 321
209 324
209 328
208 329
207 329
203 333
203 338
205 340
203 342
203 353
202 354
202 355
198 359
198 363
197 364
197 373
200 376
200 386
202 388
203 388
204 389
204 390
207 393
207 398
206 399
206 401
207 402
205 404
205 405
203 407
203 414
202 415
202 417
203 418
202 419
201 419
200 420
200 425
201 426
204 426
206 428
206 429
207 430
207 433
205 435
205 436
204 437
204 439
200 443
196 443
195 442
194 442
193 443
190 443
189 444
189 445
188 446
187 446
184 449
184 450
183 451
181 451
180 452
179 452
178 453
176 453
175 454
168 454
167 455
162 455
160 457
160 458
161 459
161 463
162 464
162 466
161 467
157 467
154 464
152 464
151 463
146 463
145 464
143 464
142 465
142 466
141 467
141 468
140 469
138 469
136 471
136 472
137 473
137 474
138 475
139 475
140 476
140 479
138 481
138 483
142 487
143 487
145 489
145 490
147 492
149 492
150 493
150 495
151 496
149 498
150 499
150 502
148 504
146 504
143 501
143 500
142 499
141 500
138 500
137 499
137 498
136 497
136 496
134 494
132 494
130 496
126 496
125 497
124 496
122 496
121 497
120 497
117 500
115 500
114 499
113 499
112 498
111 498
110 497
109 497
108 498
108 501
106 503
106 506
100 512
95 512
94 513
93 512
92 513
90 513
89 514
88 514
87 515
86 515
85 516
85 517
83 519
83 520
84 521
84 522
86 524
86 527
88 529
92 529
93 528
98 528
99 529
99 530
100 531
101 531
103 533
104 533
106 535
106 536
105 537
104 537
101 540
101 542
100 543
100 544
98 546
98 547
97 548
97 554
98 555
97 556
97 565
96 566
96 567
95 568
95 582
97 584
97 586
92 591
94 593
100 593
101 592
103 592
105 590
106 590
107 589
108 589
109 588
110 588
116 582
116 581
117 580
117 577
118 576
118 575
119 574
119 573
122 570
123 570
125 568
131 568
132 567
135 567
137 565
138 566
139 565
141 565
142 564
144 564
145 563
146 563
148 561
148 559
150 557
150 554
149 553
149 552
148 551
148 550
146 548
148 546
150 548
150 549
152 551
154 551
156 553
157 553
158 554
160 552
161 552
162 551
163 551
166 548
166 547
161 542
161 540
160 539
161 538
162 538
163 539
164 539
167 542
168 542
169 541
169 539
168 538
168 536
171 533
172 533
173 532
173 528
170 525
174 521
174 518
175 517
177 517
178 518
180 518
183 515
184 515
186 517
186 519
185 520
185 521
186 522
187 521
189 521
190 520
192 520
193 519
195 519
196 518
197 518
199 516
200 516
201 515
202 516
202 517
203 518
204 518
206 516
207 516
209 518
210 518
211 517
212 518
213 517
214 518
216 518
217 519
218 519
220 517
220 513
219 512
217 512
216 513
215 513
214 512
212 512
211 513
210 512
210 511
212 509
214 509
215 508
216 508
217 507
218 507
220 505
221 506
223 506
224 505
225 505
226 506
227 505
228 506
229 505
230 506
231 505
231 499
230 498
231 497
233 497
234 498
233 499
233 505
234 506
236 504
237 505
238 505
239 506
240 505
241 506
242 505
243 506
244 505
245 506
246 505
248 507
245 510
245 511
247 513
252 513
253 512
253 509
250 506
251 505
251 502
248 499
248 498
247 497
246 498
246 499
245 500
243 500
241 498
240 499
239 498
238 498
237 499
236 499
235 498
234 498
233 497
235 495
236 495
237 494
238 494
241 491
242 491
244 489
245 489
247 487
249 487
251 485
251 484
252 483
253 484
253 489
254 490
255 489
258 489
259 490
260 489
261 490
265 490
266 489
266 484
265 483
264 484
263 484
262 485
261 484
260 484
259 483
260 482
262 482
263 481
263 473
265 471
266 471
268 469
268 466
269 465
269 464
268 463
269 462
269 461
268 460
271 457
271 452
270 451
270 448
269 447
269 444
270 443
271 444
271 446
272 447
273 447
274 446
274 445
275 444
276 445
276 446
277 447
278 446
279 447
280 446
281 447
282 446
283 446
284 447
286 447
287 446
287 443
285 441
284 441
283 442
282 442
280 440
280 439
279 438
278 439
277 439
275 441
273 439
272 439
271 440
271 441
270 442
268 440
268 437
269 436
271 436
272 435
272 434
271 433
271 432
270 431
270 428
272 426
272 425
276 421
277 421
279 419
279 417
278 416
278 415
277 414
277 413
276 412
276 410
274 408
274 406
273 405
273 403
272 402
272 393
271 392
271 389
270 388
270 387
271 386
271 381
272 380
272 378
271 377
271 375
269 373
269 371
268 370
268 364
266 362
266 361
265 360
265 359
264 358
264 351
263 350
263 348
262 347
262 342
256 336
256 324
250 318
250 317
240 307
240 306
241 305
243 307
244 306
245 306
246 307
247 306
247 302
246 301
247 300
246 299
244 301
242 301
240 299
238 301
236 299
235 300
234 299
234 297
233 296
236 293
237 293
239 295
240 295
241 294
241 292
242 291
243 292
243 294
244 295
246 293
247 293
249 295
250 294
251 295
253 295
254 294
255 295
256 294
257 295
258 294
260 296
261 296
263 294
263 290
262 289
259 289
258 290
257 289
251 289
249 287
248 287
247 288
246 288
245 287
244 287
243 288
243 290
242 291
240 289
238 289
237 290
234 287
231 287
230 288
230 290
229 291
226 288
226 287
220 281
219 281
218 282
216 282
214 280
214 279
216 277
218 279
219 278
220 279
222 279
223 278
224 278
225 279
227 279
228 278
227 277
228 276
228 275
226 273
225 273
224 274
223 274
222 273
221 274
220 273
219 273
218 272
216 274
214 272
213 272
212 273
212 274
211 275
210 274
209 274
208 273
206 273
204 271
204 270
200 266
199 266
198 265
197 265
185 253
185 252
170 237
169 237
168 236
168 235
167 234
167 233
166 232
166 231
163 228
163 227
162 226
162 222
164 220
164 217
163 216
164 215
163 214
162 214
157 209
155 209
149 203
147 203
145 201
144 201
142 199
142 198
139 195
139 194
138 193
138 188
137 187
136 187
135 186
135 185
136 184
137 184
138 183
139 183
140 184
142 184
143 183
144 184
146 184
147 183
148 184
149 184
150 183
150 180
146 176
145 177
145 178
144 179
143 178
141 178
140 177
138 177
137 178
137 179
136 180
135 179
135 178
134 177
133 178
133 179
132 180
129 177
129 175
132 172
132 171
136 167
136 166
137 165
137 164
136 163
137 162
137 158
138 157
138 147
139 146
140 146
143 143
143 141
144 140
146 142
146 146
147 147
148 146
149 146
150 147
151 147
152 146
153 147
154 146
155 146
156 147
157 147
158 146
159 147
160 146
161 147
163 147
164 146
165 146
166 147
167 146
167 143
165 141
165 140
163 138
162 139
162 140
161 141
159 141
158 142
157 141
155 141
154 142
152 140
152 139
151 138
150 138
149 139
145 139
144 138
144 136
145 135
146 136
148 136
149 135
150 136
153 133
154 133
155 132
156 132
166 122
166 120
167 119
167 110
168 109
169 110
170 109
171 109
174 106
175 107
177 105
179 107
180 107
181 106
182 107
186 107
187 106
188 106
189 107
190 107
191 106
192 106
193 105
195 107
196 106
197 107
198 107
199 106
200 107
201 107
202 106
203 107
204 107
205 106
208 109
210 109
212 107
212 103
210 101
209 101
207 103
205 101
204 101
203 102
202 102
201 101
200 101
199 102
198 102
195 99
194 100
190 100
188 102
186 100
185 100
184 101
181 101
179 99
180 98
180 97
181 96
182 96
184 94
185 94
186 95
186 96
188 98
190 96
191 96
192 95
194 95
195 94
196 95
197 95
199 93
201 95
202 94
203 95
205 95
206 94
206 91
203 88
203 87
201 85
199 87
199 88
198 89
196 87
196 84
197 83
203 83
206 80
207 80
208 79
209 79
213 75
219 75
220 74
219 73
219 72
216 69
215 69
214 68
211 68
210 69
204 69
203 70
199 70
198 69
195 69
192 66
187 66
186 65
186 64
184 62
184 60
185 59
183 57
181 57
180 56
179 57
178 56
177 56
176 55
172 55
170 53
170 52
169 51
169 48
170 47
170 44
166 40
166 39
165 38
166 37
166 33
168 31
170 33
171 32
171 31
172 30
172 29
173 28
173 27
174 26
174 23
172 21
171 21
170 20
169 20
167 18
163 18
161 20
157 20
156 19
155 19
152 16
151 16
150 15
147 15
145 17
141 17
140 16
139 16
138 15
136 15
135 14
134 14
132 12
131 12
130 11
129 11
127 9
127 8
120 1
