115 19
111 23
109 23
108 24
107 24
105 26
103 26
101 28
100 28
99 29
99 30
98 31
98 33
99 34
99 37
96 40
94 40
93 41
90 41
88 43
87 43
84 46
82 44
82 42
81 41
77 41
72 46
72 48
71 49
71 52
70 53
69 53
67 51
67 50
66 49
66 47
60 41
57 44
57 45
55 47
54 46
54 44
53 43
53 42
52 41
49 41
48 42
48 43
47 44
47 46
46 47
45 47
43 49
43 50
42 51
42 53
40 55
38 55
36 53
36 52
34 50
34 49
33 48
32 48
29 45
28 45
27 44
26 44
25 43
24 43
23 42
22 42
18 46
18 47
17 48
17 49
16 50
16 51
12 55
10 55
9 56
9 59
10 60
10 61
18 69
18 70
20 72
20 74
24 78
24 79
25 80
25 86
27 88
28 88
31 85
32 85
34 87
35 87
36 88
36 91
34 93
33 93
32 94
34 96
33 97
33 98
32 99
32 102
31 103
33 105
33 106
34 107
34 109
38 113
38 114
39 115
39 116
41 118
42 118
47 123
51 123
52 122
56 126
57 126
58 127
59 127
60 128
61 128
63 126
63 124
64 123
64 122
66 120
67 120
68 119
72 119
74 117
77 117
83 123
84 123
86 125
86 126
88 128
90 128
91 129
90 130
89 130
82 137
82 138
84 140
88 140
89 139
90 139
91 140
90 141
90 145
92 147
93 147
94 148
95 148
96 149
97 149
98 150
100 150
102 152
101 153
101 154
98 157
98 158
97 159
97 161
94 164
93 164
92 165
92 166
90 168
86 168
85 167
84 167
83 166
73 166
72 167
71 167
70 168
70 169
71 170
71 175
67 179
66 179
64 181
64 182
66 184
67 184
69 186
71 186
72 187
73 187
74 188
75 188
79 192
80 192
82 194
82 195
83 196
84 196
85 197
86 197
87 198
88 198
93 203
94 203
95 204
98 204
99 205
101 205
102 206
103 206
104 207
106 207
108 209
107 210
107 211
106 212
106 213
105 214
105 216
106 217
106 218
107 219
107 220
108 221
108 222
111 225
112 225
116 229
118 229
120 231
120 232
124 236
123 237
123 239
125 241
125 242
126 243
126 245
127 246
127 247
129 249
130 249
134 253
134 254
136 256
136 257
139 260
139 261
144 266
145 266
146 265
147 266
147 267
148 268
148 270
150 272
150 273
155 278
155 287
156 288
156 290
159 293
159 296
161 298
164 298
166 296
167 297
167 299
172 304
174 304
175 305
175 307
178 310
180 310
183 313
186 313
187 314
187 315
186 316
186 317
185 318
184 318
183 319
182 319
181 320
180 320
178 322
178 324
179 325
179 327
181 329
181 330
183 332
183 333
186 336
188 336
189 337
189 338
191 340
192 340
193 341
193 345
192 346
192 351
191 352
189 352
188 353
188 356
189 357
189 358
191 360
190 361
190 366
191 367
191 369
190 370
190 375
189 376
189 377
186 380
186 381
185 382
185 387
184 388
184 389
183 390
183 391
184 392
184 393
187 396
187 403
189 405
189 406
191 408
191 409
192 410
192 414
193 415
193 420
192 421
192 423
191 424
191 425
190 426
190 427
189 428
189 430
188 431
188 438
189 439
189 440
190 441
190 443
191 444
191 451
192 452
192 454
191 455
191 457
190 458
190 459
189 460
189 461
188 462
185 462
184 461
180 461
179 462
178 462
175 465
175 466
172 469
171 469
169 471
167 471
166 470
164 470
160 474
159 474
158 475
152 475
151 476
151 477
150 478
150 482
149 483
149 485
148 486
147 486
145 484
143 484
142 483
136 483
134 485
134 486
133 487
130 487
128 489
129 490
129 491
130 492
130 494
131 495
131 497
130 498
130 502
131 503
131 504
137 510
138 510
141 513
140 514
140 520
139 521
137 519
136 519
134 517
133 517
132 518
130 516
130 515
129 514
129 513
127 511
126 511
125 512
124 512
122 514
114 514
110 518
109 517
107 517
104 514
102 514
100 516
100 520
101 521
101 524
100 525
99 525
96 528
96 529
93 532
91 532
90 531
84 531
80 535
78 535
77 536
75 534
74 534
73 535
73 537
74 538
73 539
73 542
74 543
78 539
79 539
80 540
80 548
79 549
81 551
80 552
81 553
82 553
83 552
83 551
81 549
82 548
83 548
84 549
86 549
89 546
90 546
92 548
92 549
94 551
95 551
96 552
97 551
98 551
101 554
96 559
95 559
93 561
93 563
92 564
92 570
91 571
91 584
90 585
90 602
92 604
90 606
90 607
89 608
88 608
87 609
87 610
88 611
89 611
90 612
95 612
96 611
98 611
99 610
101 610
106 605
107 605
108 604
109 604
110 603
110 602
111 601
111 600
112 599
112 598
113 597
113 595
114 594
114 593
117 590
118 590
119 589
121 589
122 588
124 588
125 587
126 587
127 586
128 586
129 585
130 585
131 584
133 584
134 583
135 583
136 582
139 582
140 581
141 581
143 579
143 577
144 576
144 575
147 572
148 573
149 573
150 574
151 574
152 573
153 573
156 570
156 569
157 568
157 566
156 565
156 564
154 562
154 561
155 560
157 562
158 562
159 561
160 561
161 560
161 559
159 557
159 556
164 551
164 550
165 549
164 548
164 547
163 546
164 545
163 544
163 543
164 542
164 540
165 539
167 539
168 540
169 540
171 538
171 537
172 536
174 538
174 539
173 540
173 541
174 542
175 542
177 540
181 540
183 538
184 538
185 537
187 537
188 536
189 536
190 535
191 535
195 531
196 531
197 530
198 530
199 529
200 529
202 527
207 527
209 525
209 524
210 523
210 521
211 520
211 519
212 518
215 518
216 517
218 519
220 517
220 515
221 514
223 514
226 511
226 510
228 508
229 509
230 508
231 508
232 507
233 508
235 506
235 505
236 504
236 503
237 502
240 502
241 503
242 502
243 502
245 500
245 498
244 497
245 496
245 492
246 491
247 492
248 492
250 490
250 489
251 488
251 486
253 484
251 482
254 479
254 476
253 475
253 474
252 473
252 472
251 471
251 470
252 469
252 468
253 467
254 468
256 466
254 464
252 464
251 463
256 458
255 457
255 456
253 454
253 453
254 452
255 452
257 454
258 454
259 453
259 452
260 451
260 447
258 445
258 444
257 443
257 442
260 439
260 437
258 435
258 434
257 433
257 432
255 430
255 429
254 428
254 427
255 426
255 424
254 423
254 420
253 419
255 417
255 414
253 412
255 410
256 410
257 409
256 408
255 408
254 409
253 409
252 408
252 405
254 403
254 401
255 400
255 399
253 397
253 393
252 392
252 391
253 390
254 390
255 389
254 388
253 388
252 389
251 388
251 384
249 382
249 381
248 380
248 377
247 376
247 375
246 374
246 368
247 367
247 366
246 365
246 364
243 361
243 360
242 359
242 358
241 357
241 354
240 353
240 347
241 346
241 345
239 343
239 341
238 340
238 339
237 338
237 337
236 336
235 336
234 337
232 335
232 334
231 333
230 333
226 329
226 328
225 327
225 326
224 325
224 324
223 323
223 322
222 321
222 319
220 317
219 317
218 316
218 315
217 314
217 313
219 311
219 309
218 308
216 308
213 305
212 305
207 300
205 300
201 296
200 296
198 294
198 293
196 291
194 291
193 290
192 290
189 287
188 287
178 277
178 276
177 275
177 273
176 272
176 271
174 269
173 269
161 257
161 256
159 254
159 253
158 252
158 251
157 250
157 249
156 248
156 247
155 246
155 245
154 244
154 241
155 240
155 238
156 237
155 236
155 235
154 234
154 233
153 232
153 231
152 230
150 230
149 229
149 228
147 226
146 226
144 224
142 224
137 219
137 218
135 216
135 215
133 213
133 212
132 211
132 210
131 209
131 205
130 204
130 203
128 201
128 200
125 197
125 193
126 192
128 192
129 191
129 188
130 187
130 186
131 185
131 180
132 179
132 170
133 169
133 168
136 165
136 163
137 162
137 158
138 157
139 158
141 158
142 157
143 157
145 155
146 155
148 153
148 152
151 149
151 148
152 147
154 147
155 146
157 146
158 145
158 144
160 142
159 141
159 138
160 137
160 136
159 135
159 132
160 131
161 131
165 127
165 124
166 123
168 125
170 125
172 127
173 127
174 128
175 127
175 126
176 125
177 125
180 122
181 122
182 123
183 123
188 128
190 126
190 125
189 124
189 123
191 121
191 120
192 119
192 117
194 115
194 114
195 113
195 111
197 109
194 106
195 105
196 105
197 104
199 104
201 102
202 103
203 103
204 102
205 102
207 100
206 99
206 98
209 95
205 91
204 91
201 88
199 88
198 89
197 89
196 90
193 90
192 91
191 91
190 90
189 90
188 89
185 89
184 88
184 87
183 86
181 86
180 85
178 85
175 82
175 80
173 78
172 78
169 75
165 75
163 73
163 65
162 64
162 63
159 60
159 59
158 58
159 57
159 54
160 53
162 53
165 50
165 48
166 47
166 45
167 44
165 42
164 42
160 38
159 38
158 37
155 37
152 40
151 40
150 39
149 39
148 38
148 37
147 36
146 36
145 35
143 35
142 34
141 34
140 35
139 35
137 37
135 37
131 33
130 33
128 31
126 31
125 30
125 28
122 25
122 24
120 22
120 21
118 19
