396 243
391 248
383 248
382 249
381 249
380 248
376 248
375 249
374 249
371 252
369 250
366 250
364 248
359 248
358 247
355 247
353 249
353 253
355 255
358 255
359 256
359 257
358 258
358 262
360 264
366 264
367 265
368 265
369 266
373 266
374 267
375 267
376 268
377 268
378 269
381 269
383 267
384 267
385 268
410 268
412 266
413 266
415 268
421 268
422 267
423 267
424 268
440 268
441 267
442 267
443 266
443 265
444 264
444 252
443 251
443 250
442 250
441 249
440 249
439 248
435 248
434 249
433 248
433 246
432 245
432 244
431 244
430 243
427 243
426 244
425 244
425 245
424 246
424 248
423 249
422 249
421 248
415 248
413 250
412 250
410 248
403 248
402 247
402 246
401 245
401 244
400 244
399 243
