116 19
112 23
110 23
109 24
108 24
106 26
104 26
103 27
102 27
99 30
99 31
98 32
99 33
99 35
100 36
95 41
91 41
90 42
89 42
87 44
86 44
84 46
83 46
82 45
82 42
81 41
78 41
77 42
76 42
73 45
73 46
72 47
72 49
71 50
71 52
70 53
68 53
66 51
66 48
64 46
64 45
61 42
60 42
57 45
57 47
56 48
55 48
54 47
54 45
53 44
53 43
51 41
50 41
47 44
47 46
43 50
43 51
42 52
42 54
41 55
40 55
39 56
35 52
35 51
30 46
29 46
28 45
27 45
26 44
25 44
24 43
21 43
19 45
19 46
18 47
18 48
17 49
17 50
12 55
10 55
9 56
9 58
10 59
10 60
12 62
12 63
13 64
14 64
18 68
18 69
20 71
20 73
21 74
21 75
25 79
25 85
27 87
29 87
31 85
31 84
32 83
33 84
33 85
34 86
35 85
36 86
36 88
37 89
37 90
33 94
33 95
34 96
34 97
33 98
33 100
32 101
32 104
34 106
34 107
35 108
35 110
39 114
39 116
41 118
43 118
44 119
44 120
46 122
47 122
48 123
50 123
51 122
53 122
57 126
58 126
60 128
63 125
63 123
64 122
64 121
65 120
66 120
67 119
71 119
74 116
76 116
77 117
78 117
88 127
90 127
91 128
91 129
86 134
85 134
83 136
83 138
85 140
87 140
88 139
89 139
90 138
91 138
92 139
91 140
91 141
90 142
90 144
93 147
94 147
95 148
96 148
97 149
98 149
99 150
101 150
102 151
102 153
101 154
101 155
98 158
98 161
95 164
94 164
92 166
92 167
90 169
88 169
87 168
85 168
84 167
82 167
81 166
74 166
73 167
72 167
71 168
71 171
72 172
72 174
70 176
70 177
68 179
67 179
65 181
65 182
68 185
69 185
70 186
72 186
73 187
74 187
78 191
79 191
84 196
86 196
92 202
93 202
94 203
95 203
96 204
99 204
100 205
102 205
103 206
104 206
105 207
106 207
108 209
108 210
107 211
107 212
106 213
106 217
107 218
107 219
108 220
108 221
115 228
116 228
117 229
119 229
120 230
120 231
121 232
121 233
124 236
124 237
123 238
124 239
124 240
126 242
126 244
127 245
127 246
135 254
135 255
138 258
138 259
145 266
146 265
148 267
148 269
149 270
149 271
151 273
151 274
153 276
154 276
155 277
155 285
156 286
156 289
159 292
159 296
161 298
163 298
165 296
166 296
167 297
167 298
168 299
168 300
171 303
174 303
176 305
176 308
177 309
178 309
179 310
180 310
183 313
185 313
186 312
187 313
187 316
184 319
183 319
182 320
181 320
178 323
179 324
179 326
181 328
181 329
182 330
182 331
184 333
184 334
185 335
188 335
189 336
189 337
193 341
193 351
192 352
190 352
188 354
188 355
189 356
189 357
191 359
191 361
190 362
190 364
191 365
191 372
190 373
190 376
186 380
186 384
185 385
185 388
184 389
184 393
188 397
188 398
187 399
187 402
189 404
189 405
190 406
190 407
192 409
192 412
193 413
193 422
192 423
192 424
191 425
191 426
190 427
190 428
189 429
189 431
188 432
188 437
189 438
189 439
190 440
190 441
191 442
191 448
192 449
192 455
191 456
191 458
190 459
190 460
187 463
186 463
185 462
184 462
183 461
181 461
180 462
179 462
170 471
164 471
162 473
161 473
159 475
152 475
151 476
151 478
150 479
150 485
149 486
147 486
146 485
145 485
144 484
141 484
140 483
137 483
133 487
130 487
129 488
129 490
130 491
130 492
131 493
131 498
130 499
130 501
131 502
131 503
135 507
135 508
137 510
139 510
141 512
141 515
140 516
140 519
141 520
140 521
138 521
135 518
133 518
132 519
129 516
129 513
128 512
125 512
123 514
122 514
121 515
120 515
119 514
115 514
111 518
109 518
108 517
106 517
104 515
102 515
100 517
100 519
101 520
101 522
102 523
96 529
96 530
94 532
89 532
88 531
85 531
84 532
83 532
82 533
82 534
80 536
79 536
78 535
77 536
77 538
78 539
79 539
80 540
80 542
83 545
83 546
82 547
81 546
80 547
80 548
79 549
80 550
81 549
81 548
82 547
84 549
85 549
89 545
90 546
91 546
92 547
92 548
95 551
98 551
99 552
100 552
101 553
101 554
96 559
95 559
94 560
94 561
93 562
93 565
92 566
92 572
91 573
91 585
90 586
90 590
91 591
90 592
90 602
92 604
91 605
91 607
90 608
89 608
88 609
88 610
89 611
90 611
91 612
94 612
95 611
96 611
97 610
100 610
101 609
102 609
104 607
104 606
106 604
108 604
110 602
110 601
111 600
111 599
112 598
112 596
113 595
113 594
114 593
114 592
116 590
117 590
118 589
120 589
121 588
123 588
124 587
125 587
126 586
127 586
128 585
129 585
130 584
132 584
133 583
134 583
135 582
137 582
138 581
140 581
141 580
142 580
143 579
143 576
147 572
148 573
152 573
156 569
156 565
154 563
154 561
155 560
156 561
159 561
160 560
160 558
158 556
161 553
162 553
164 551
164 548
163 547
163 546
164 545
163 544
163 543
164 542
164 540
166 538
167 538
168 539
170 539
171 538
170 537
170 536
171 535
173 537
174 537
175 538
173 540
173 541
174 542
175 542
177 540
181 540
184 537
186 537
187 536
188 536
189 535
190 535
195 530
198 530
200 528
201 528
203 526
205 526
206 527
207 527
209 525
209 522
210 521
210 520
211 519
211 518
212 517
213 518
214 517
217 517
218 518
220 516
220 515
221 514
222 514
226 510
226 509
227 508
230 508
231 507
234 507
235 506
235 504
238 501
239 501
240 502
243 502
244 501
244 492
245 491
248 491
250 489
250 487
251 486
251 485
252 484
252 483
251 482
251 481
254 478
254 476
252 474
252 473
251 472
251 470
252 469
252 468
253 467
254 467
255 466
255 465
254 464
253 464
252 465
251 464
251 462
252 461
253 461
254 460
254 459
255 458
254 457
254 455
253 454
253 453
251 451
251 449
253 447
254 447
255 448
255 449
254 450
254 451
257 454
258 454
259 453
258 452
260 450
260 448
259 447
259 446
257 444
257 441
258 440
259 440
260 439
260 438
258 436
258 435
257 434
257 433
256 432
256 431
254 429
254 424
253 423
253 422
254 421
254 420
253 419
253 418
255 416
254 415
254 414
253 413
253 412
256 409
255 408
253 410
252 409
252 405
254 403
254 399
253 398
253 394
252 393
252 392
251 391
251 390
252 389
253 390
254 389
253 388
252 389
250 387
250 383
248 381
248 380
247 379
247 376
246 375
246 374
245 373
245 372
246 371
246 365
245 364
245 363
242 360
242 359
241 358
241 357
240 356
240 351
239 350
239 347
241 345
239 343
239 342
238 341
238 340
237 339
237 338
236 337
235 337
234 338
228 332
228 331
225 328
225 327
224 326
224 325
223 324
223 323
222 322
222 320
217 315
217 313
219 311
219 310
218 309
217 309
216 308
215 308
213 306
212 306
209 303
209 302
208 301
206 301
202 297
201 297
196 292
195 293
194 293
193 292
193 291
190 288
189 288
186 285
185 285
184 284
184 283
177 276
177 274
176 273
176 272
171 267
170 267
162 259
162 258
160 256
160 255
158 253
158 252
157 251
157 250
156 249
156 248
155 247
155 246
154 245
154 244
153 243
153 242
154 241
154 240
155 239
155 236
154 235
154 234
153 233
153 232
151 230
150 230
145 225
144 225
143 224
141 224
138 221
138 220
135 217
135 216
134 215
134 214
132 212
132 211
131 210
131 206
130 205
130 204
128 202
128 201
126 199
126 198
125 197
125 196
124 195
125 194
125 193
126 192
127 192
129 190
129 187
130 186
130 185
131 184
131 179
132 178
132 176
131 175
131 174
132 173
132 169
135 166
135 164
136 163
136 162
137 161
137 158
138 157
139 157
140 158
141 157
143 157
150 150
150 149
151 148
151 147
152 146
153 147
154 147
156 145
157 146
158 145
158 144
159 143
159 142
158 141
158 140
159 139
159 136
158 135
158 134
159 133
159 132
160 131
161 131
162 130
162 129
165 126
165 125
164 124
166 122
167 123
167 124
168 125
169 124
170 124
173 127
174 127
175 126
175 125
176 124
177 125
178 124
178 123
180 121
180 120
179 119
179 118
181 116
182 116
183 117
182 118
183 119
184 118
185 119
185 120
184 121
184 122
183 123
184 124
185 124
186 123
185 122
186 121
186 120
187 119
188 120
188 122
189 123
190 122
190 121
192 119
191 118
191 117
194 114
194 112
192 110
193 109
194 109
195 110
196 109
195 108
194 108
193 107
192 107
189 104
190 103
191 103
192 104
193 103
194 103
196 101
197 102
197 103
198 104
201 101
202 102
205 102
207 100
206 99
206 98
207 97
207 96
208 95
201 88
200 88
199 89
198 89
197 90
195 90
194 91
190 91
188 89
187 89
186 90
185 90
184 89
184 87
183 86
179 86
175 82
175 80
173 78
171 78
168 75
164 75
163 74
163 73
162 72
162 63
161 62
160 62
158 60
158 56
159 55
159 54
160 53
162 53
164 51
164 49
165 48
165 47
166 46
166 45
167 44
166 43
165 43
161 39
160 39
159 38
158 38
157 37
156 38
155 38
154 39
153 39
152 40
150 40
146 36
145 36
144 35
140 35
139 36
138 36
137 37
134 37
129 32
127 32
125 30
125 29
123 27
123 26
121 24
121 23
117 19
