368 431
366 433
364 433
363 434
363 452
362 453
361 452
361 435
359 433
357 433
355 435
356 436
356 442
355 443
356 444
356 445
355 446
355 447
356 448
356 450
355 451
354 450
354 449
353 448
353 446
352 445
352 444
353 443
353 442
354 441
354 438
353 437
353 436
351 434
350 434
349 433
342 433
341 434
341 456
342 457
345 457
346 456
346 448
347 447
348 448
348 455
350 457
353 457
354 456
354 453
353 452
353 451
354 450
356 452
356 453
357 454
357 455
358 456
359 456
360 457
364 457
365 456
366 456
368 454
368 443
369 442
370 443
370 451
371 452
371 453
372 454
372 455
373 456
374 456
375 457
379 457
380 456
381 456
383 454
383 436
384 435
385 436
385 456
386 457
389 457
390 456
390 448
391 447
392 448
392 450
393 451
393 453
394 454
394 456
395 457
399 457
400 456
400 434
399 433
396 433
395 434
395 442
394 443
393 442
393 439
392 438
392 436
391 435
391 434
390 433
387 433
385 435
384 434
384 432
383 431
382 431
381 432
381 433
380 434
379 433
375 433
374 434
373 434
372 435
371 434
371 433
372 432
371 431
