397 245
394 248
394 251
393 252
393 256
392 257
391 256
391 251
390 250
389 250
387 252
385 250
384 250
382 252
381 252
379 250
377 250
376 251
375 251
374 252
374 253
373 254
373 260
372 261
370 259
369 259
367 261
366 260
366 259
365 258
361 258
360 259
360 261
361 262
365 262
366 261
368 263
369 263
370 264
372 262
373 262
374 263
374 264
375 265
376 265
377 266
378 266
379 267
380 267
381 266
381 264
382 263
384 265
385 265
386 266
388 266
390 264
392 266
394 266
395 265
395 264
396 263
397 264
397 265
398 266
400 266
401 265
402 266
403 266
405 264
407 266
409 266
410 265
410 264
411 263
411 259
410 258
410 257
411 256
411 255
410 254
411 253
410 252
410 251
409 250
408 250
406 252
404 250
402 250
401 251
401 256
400 257
399 256
399 252
398 251
398 250
399 249
399 248
400 247
398 245
