364 275
364 277
365 278
365 279
366 279
367 280
366 281
364 281
363 282
363 288
362 289
362 293
361 294
361 299
360 300
359 299
359 284
358 283
358 282
357 281
355 281
354 280
350 280
349 281
348 281
346 283
346 301
347 302
347 303
348 303
349 304
356 304
359 301
360 302
360 304
365 304
365 302
367 300
368 300
369 301
369 304
381 304
381 298
382 297
383 298
383 301
384 302
384 304
390 304
390 281
385 281
385 287
384 288
383 287
383 284
382 283
382 281
376 281
376 301
375 302
374 301
374 297
373 296
373 291
372 290
372 286
371 285
371 281
370 281
369 280
369 276
368 275
