142 571
141 572
142 573
142 574
143 575
143 576
142 577
142 579
141 580
139 580
138 581
136 581
135 582
134 582
133 583
131 583
130 584
129 584
128 585
127 585
126 586
125 586
124 587
122 587
121 588
119 588
118 589
117 589
116 590
115 590
114 591
114 592
113 593
113 594
112 595
112 596
111 597
111 599
110 600
110 601
108 603
107 603
106 604
105 604
104 605
104 606
101 609
98 609
97 610
96 610
95 611
90 611
89 610
89 609
90 608
91 608
91 606
93 604
92 604
92 605
91 606
91 607
89 609
89 610
90 611
95 611
96 610
97 610
98 609
101 609
102 608
103 608
103 607
107 603
109 603
109 602
110 601
110 600
111 599
111 597
112 596
112 595
113 594
113 593
117 589
118 589
119 588
121 588
122 587
124 587
125 586
126 586
127 585
128 585
129 584
130 584
131 583
133 583
134 582
135 582
136 581
138 581
139 580
141 580
142 579
142 577
143 576
143 575
142 574
142 573
141 572
