148 266
148 268
149 269
149 270
150 271
150 272
152 274
152 275
153 275
155 277
155 284
156 285
156 288
157 289
157 290
159 292
159 295
160 296
160 297
164 297
166 295
167 296
167 297
168 298
168 299
169 300
169 301
170 302
173 302
176 305
176 307
178 309
179 309
182 312
186 312
187 313
187 317
185 319
184 319
183 320
182 320
181 321
180 321
179 322
179 325
180 326
180 327
182 329
182 330
183 331
183 332
185 334
187 334
190 337
190 338
191 339
192 339
193 340
193 351
192 352
191 352
190 353
189 353
189 356
190 357
190 358
191 359
191 362
190 363
191 364
191 373
190 374
190 376
187 379
187 380
186 381
186 385
185 386
185 389
184 390
184 392
185 393
185 394
188 397
188 399
187 400
187 401
188 402
188 403
190 405
190 406
191 407
191 408
192 409
192 411
193 412
193 423
192 424
192 425
191 426
191 427
190 428
190 429
189 430
189 432
188 433
188 436
189 437
189 438
190 439
190 440
191 441
191 447
192 448
192 456
191 457
191 459
187 463
185 463
184 462
183 462
182 461
181 462
180 462
179 463
178 463
170 471
165 471
164 472
163 472
161 474
160 474
159 475
153 475
151 477
151 479
150 480
150 485
149 486
146 486
145 485
144 485
143 484
140 484
139 483
138 483
137 484
136 484
135 485
135 486
134 487
131 487
129 489
130 490
130 491
131 492
131 499
130 500
131 501
131 502
132 503
132 504
136 508
136 509
138 509
141 512
141 516
140 517
140 518
141 519
141 520
140 521
138 521
136 519
135 519
134 518
133 519
132 519
128 515
128 513
127 512
126 512
125 513
124 513
122 515
119 515
118 514
116 514
115 515
114 515
111 518
108 518
107 517
106 517
105 516
104 516
103 515
102 516
101 516
101 517
100 518
101 519
101 521
102 522
102 524
100 526
99 526
97 528
97 529
94 532
88 532
87 531
86 531
85 532
84 532
80 536
77 536
77 537
78 538
77 537
78 536
81 536
82 535
82 534
84 532
85 532
86 531
87 531
88 532
95 532
96 531
96 530
102 524
102 522
101 521
101 519
100 518
103 515
105 517
105 520
107 522
109 522
107 522
105 520
105 518
106 517
107 517
108 518
107 519
108 520
107 519
108 518
112 518
116 514
118 514
119 515
122 515
123 514
124 514
126 512
127 512
128 513
128 515
129 516
129 517
131 519
133 519
134 518
137 521
141 521
141 519
140 518
140 517
141 516
141 511
140 510
139 510
138 509
137 509
135 507
135 506
131 502
131 501
130 500
131 499
131 492
130 491
130 490
129 489
131 487
134 487
138 483
139 483
140 484
143 484
144 485
145 485
146 486
150 486
150 480
151 479
151 477
153 475
160 475
162 473
163 473
165 471
171 471
180 462
181 462
182 461
183 462
184 462
185 463
188 463
190 461
190 460
191 459
191 457
192 456
192 448
191 447
191 441
190 440
190 439
189 438
189 437
188 436
188 433
189 432
189 430
190 429
190 428
191 427
191 426
192 425
192 424
193 423
193 412
192 411
192 408
190 406
190 405
189 404
189 403
187 401
187 400
188 399
188 396
184 392
184 390
185 389
185 386
186 385
186 381
190 377
190 374
191 373
191 364
190 363
191 362
191 358
189 356
189 354
191 352
193 352
193 340
189 336
189 335
188 335
187 334
185 334
184 333
184 332
182 330
182 329
181 328
181 327
179 325
179 323
182 320
183 320
184 319
185 319
187 317
187 312
183 312
181 310
180 310
179 309
178 309
176 307
176 304
175 303
174 303
173 302
171 302
168 299
168 298
167 297
167 296
166 295
165 296
164 296
163 297
161 297
159 295
159 291
156 288
156 285
155 284
155 276
154 276
151 273
151 272
149 270
149 269
148 268
