239 346
239 347
238 348
238 349
239 350
239 355
240 356
240 357
241 358
241 359
242 360
242 361
245 364
245 374
246 375
246 378
247 379
247 380
248 381
248 382
249 383
249 387
248 388
251 391
251 392
252 393
252 397
253 398
253 399
252 400
251 399
250 400
250 401
250 400
251 399
252 400
252 401
252 400
253 399
253 398
252 397
252 393
251 392
251 391
248 388
249 387
249 382
247 380
247 379
246 378
246 375
245 374
245 364
244 363
244 362
241 359
241 358
240 357
240 356
239 355
239 350
238 349
238 348
240 346
