91 140
91 141
90 142
90 144
91 145
91 146
92 146
93 147
94 147
95 148
96 148
97 149
99 149
102 152
102 153
99 156
99 157
98 158
98 159
97 160
97 162
96 163
95 163
92 166
92 167
91 168
85 168
84 167
83 167
82 166
74 166
73 167
72 167
71 168
71 175
66 180
65 180
65 183
66 183
68 185
70 185
71 186
72 186
73 187
74 187
78 191
79 191
84 196
85 196
86 197
87 197
92 202
93 202
94 203
97 203
98 204
100 204
101 205
102 205
103 206
105 206
108 209
108 210
107 211
107 212
106 213
106 214
105 215
106 216
106 217
107 218
107 219
108 220
108 221
109 222
109 223
110 224
111 224
115 228
118 228
120 230
120 231
121 232
121 233
124 236
124 237
123 238
124 239
124 240
126 242
126 244
127 245
127 246
128 247
128 248
129 248
135 254
135 255
137 257
137 258
140 261
140 262
143 265
146 265
148 267
148 269
149 270
149 271
151 273
151 274
153 276
154 276
155 277
155 286
156 287
156 289
157 290
157 291
159 293
159 295
160 296
160 297
165 297
166 296
167 297
167 298
168 299
168 300
171 303
174 303
175 304
175 306
176 307
176 308
177 309
179 309
182 312
186 312
187 313
187 316
184 319
183 319
182 320
181 320
180 321
179 321
179 322
178 323
179 324
179 326
180 327
180 328
182 330
182 331
184 333
184 334
185 335
188 335
189 336
189 337
190 338
190 339
191 339
193 341
193 346
192 347
192 351
191 352
190 352
188 354
188 355
189 356
189 357
191 359
191 361
190 362
190 365
191 366
191 370
190 371
190 376
187 379
187 380
186 381
186 382
185 383
185 388
184 389
184 392
185 393
185 394
187 396
187 402
188 403
188 404
190 406
190 407
192 409
192 413
193 414
193 421
192 422
192 424
191 425
191 426
190 427
190 428
189 429
189 431
188 432
188 437
189 438
189 439
190 440
190 442
191 443
191 450
192 451
192 455
191 456
191 458
190 459
190 460
188 462
184 462
183 461
181 461
180 462
179 462
178 463
177 463
176 464
176 465
171 470
170 470
169 471
166 471
165 470
164 471
163 471
159 475
153 475
151 477
151 478
150 479
150 483
149 484
149 485
148 486
147 486
146 485
145 485
144 484
142 484
141 483
137 483
136 484
135 484
135 485
133 487
131 487
130 488
129 488
129 490
130 491
130 493
131 494
131 498
130 499
130 501
131 502
131 503
132 504
132 505
136 509
137 509
138 510
139 510
141 512
141 514
140 515
140 520
139 521
138 520
137 520
135 518
131 518
130 517
130 516
129 515
129 514
128 513
128 512
125 512
124 513
123 513
122 514
115 514
114 515
113 515
110 518
109 518
108 517
107 517
105 515
104 515
103 514
102 515
101 515
101 516
100 517
100 519
101 520
101 524
99 526
98 526
97 527
97 528
93 532
90 532
89 531
85 531
84 532
83 532
82 533
82 534
81 535
79 535
76 538
75 537
75 536
75 537
76 538
77 537
80 540
80 548
79 549
80 548
80 539
79 539
77 537
79 535
81 535
85 531
89 531
90 532
94 532
96 530
96 529
100 525
101 525
101 520
100 519
100 517
103 514
106 517
108 517
109 518
111 518
115 514
123 514
125 512
127 512
129 514
129 515
130 516
130 517
131 518
134 518
135 519
136 519
138 521
140 521
140 515
141 514
141 512
139 510
138 510
131 503
131 502
130 501
130 499
131 498
131 494
130 493
130 491
129 490
129 489
131 487
134 487
134 486
137 483
141 483
142 484
144 484
146 486
149 486
149 484
150 483
150 479
151 478
151 477
153 475
159 475
160 474
161 474
165 470
166 471
170 471
172 469
173 469
175 467
175 466
179 462
180 462
181 461
183 461
184 462
189 462
189 461
190 460
190 459
191 458
191 456
192 455
192 451
191 450
191 443
190 442
190 440
189 439
189 438
188 437
188 432
189 431
189 429
190 428
190 427
191 426
191 425
192 424
192 422
193 421
193 414
192 413
192 409
191 408
191 407
189 405
189 404
187 402
187 395
184 392
184 389
185 388
185 383
186 382
186 381
189 378
189 377
190 376
190 371
191 370
191 366
190 365
190 362
191 361
191 359
189 357
189 356
188 355
188 354
190 352
192 352
192 347
193 346
193 340
192 340
189 337
189 336
188 335
186 335
183 332
183 331
181 329
181 328
179 326
179 324
178 323
181 320
182 320
183 319
184 319
185 318
186 318
186 317
187 316
187 313
186 312
183 312
181 310
180 310
179 309
178 309
175 306
175 304
174 303
172 303
167 298
167 296
165 296
164 297
161 297
159 295
159 292
156 289
156 287
155 286
155 277
150 272
150 271
148 269
148 267
146 265
147 264
146 264
145 265
144 265
139 260
139 259
136 256
136 255
134 253
134 252
131 249
130 249
127 246
127 245
126 244
126 242
125 241
125 240
123 238
124 237
124 235
120 231
120 230
118 228
116 228
113 225
112 225
108 221
108 220
107 219
107 218
106 217
106 216
105 215
106 214
106 213
107 212
107 211
108 210
108 208
107 207
106 207
105 206
103 206
102 205
101 205
100 204
98 204
97 203
94 203
89 198
88 198
87 197
86 197
85 196
84 196
82 194
82 193
81 192
80 192
76 188
75 188
74 187
73 187
72 186
71 186
70 185
69 185
68 184
67 184
65 182
65 181
67 179
68 179
71 176
71 168
72 167
73 167
74 166
82 166
83 167
84 167
85 168
91 168
92 167
92 166
94 164
95 164
97 162
97 160
98 159
98 158
101 155
101 154
102 153
102 151
101 150
100 150
99 149
97 149
96 148
95 148
94 147
93 147
90 144
90 142
92 140
