164 123
164 126
162 128
162 129
161 130
160 130
158 132
158 142
154 146
151 146
151 147
150 148
150 149
143 156
142 156
141 157
139 157
138 156
136 158
136 162
135 163
135 164
134 165
134 166
132 168
132 169
131 170
131 179
130 180
130 185
129 186
129 187
128 188
128 190
126 192
125 192
125 193
124 194
124 196
125 197
125 198
126 199
126 200
128 202
128 203
130 205
130 209
131 210
131 211
132 212
132 213
134 215
134 216
135 217
135 218
138 221
138 222
140 224
142 224
143 225
144 225
149 230
150 230
153 233
153 234
154 235
154 240
153 241
153 244
154 245
154 246
155 247
155 248
156 249
156 250
157 251
157 252
158 253
158 254
160 256
160 257
162 259
162 260
169 267
170 267
176 273
176 275
177 276
177 277
184 284
184 285
185 285
188 288
187 289
188 290
188 291
189 292
190 292
191 293
193 293
199 299
199 300
200 301
200 302
205 302
206 301
207 301
209 303
209 304
211 306
212 306
213 307
213 309
212 310
213 311
214 311
213 311
212 310
213 309
213 307
207 301
205 301
204 302
201 302
199 300
199 299
198 298
198 297
194 293
191 293
187 289
188 288
190 288
191 289
191 290
192 291
192 290
190 288
189 288
187 286
186 286
183 283
183 282
176 275
176 273
175 272
175 271
172 268
171 268
161 258
161 257
159 255
159 254
157 252
157 251
156 250
156 249
155 248
155 247
154 246
154 245
153 244
153 241
154 240
154 235
153 234
153 233
152 232
152 231
151 231
150 230
149 230
148 229
148 228
146 226
145 226
144 225
143 225
142 224
141 224
137 220
137 219
134 216
134 215
133 214
133 213
131 211
131 210
130 209
130 205
129 204
129 203
127 201
127 200
125 198
125 197
124 196
124 194
127 191
128 191
128 188
129 187
129 186
130 185
130 180
131 179
131 170
134 167
134 165
135 164
135 163
136 162
136 158
138 156
139 157
141 157
142 156
144 156
149 151
149 150
150 149
150 148
152 146
155 146
155 145
156 144
157 144
158 143
158 132
160 130
161 130
164 127
164 124
165 123
