162 538
163 539
163 547
164 548
164 550
159 555
158 555
158 557
160 559
160 560
159 561
157 561
154 558
153 558
148 553
153 558
152 559
153 560
153 561
154 562
154 563
156 565
156 569
152 573
149 573
147 571
145 571
145 573
143 575
143 577
142 578
142 579
140 581
137 581
136 582
135 582
134 583
132 583
131 584
130 584
129 585
128 585
127 586
126 586
125 587
123 587
122 588
120 588
119 589
118 589
117 590
116 590
114 592
114 593
113 594
113 595
112 596
112 598
111 599
111 600
110 601
110 602
108 604
106 604
101 609
100 609
99 610
97 610
96 611
89 611
88 610
88 609
89 608
90 608
90 607
92 605
92 603
93 602
94 602
95 603
94 604
95 604
95 602
93 602
92 603
90 601
90 586
91 585
91 572
92 571
92 565
93 564
93 562
96 559
97 559
101 555
101 553
99 551
95 551
92 548
92 547
91 546
88 546
86 548
82 548
87 548
89 546
91 546
92 547
92 548
93 549
93 550
94 550
95 551
98 551
101 554
101 555
100 556
99 556
95 560
94 560
94 561
93 562
93 564
92 565
92 571
91 572
91 585
90 586
90 601
91 602
91 603
92 604
91 605
91 606
88 609
88 610
89 611
96 611
97 610
99 610
100 609
102 609
104 607
104 606
106 604
108 604
110 602
110 601
111 600
111 599
112 598
112 596
113 595
113 594
118 589
119 589
120 588
122 588
123 587
125 587
126 586
127 586
128 585
129 585
130 584
131 584
132 583
134 583
135 582
136 582
137 581
140 581
141 580
142 580
142 578
143 577
143 575
145 573
145 572
146 571
147 572
148 572
149 573
152 573
153 572
154 572
155 571
155 570
156 569
156 565
155 564
155 563
153 561
153 560
152 559
153 558
154 558
155 559
155 560
156 561
159 561
160 560
160 558
158 556
161 553
162 553
163 552
163 551
164 550
164 548
163 547
163 538
