420 280
419 281
418 281
417 282
416 282
415 283
415 284
414 285
414 289
415 290
415 291
417 293
418 293
422 297
422 299
421 300
419 300
418 299
418 297
417 297
416 296
415 296
414 297
414 300
415 301
415 302
416 303
424 303
426 301
428 303
431 303
431 301
433 299
435 299
436 300
436 302
437 303
440 303
440 298
439 297
439 293
438 292
438 287
437 286
437 282
436 281
433 281
432 282
431 282
431 283
430 284
430 288
429 289
429 294
428 295
429 294
429 289
430 288
430 284
433 281
436 281
437 282
437 286
438 287
438 292
439 293
439 297
440 298
440 302
439 303
437 303
436 302
436 300
435 299
433 299
431 301
431 302
430 303
428 303
426 301
426 295
425 294
425 293
422 290
421 290
418 287
418 286
420 284
422 286
422 287
426 287
426 285
425 284
425 282
424 282
423 281
421 281
