205 300
206 300
211 305
212 305
214 307
213 308
213 311
214 311
215 310
215 309
216 308
217 308
218 309
218 311
216 313
217 314
217 315
218 316
218 317
219 317
221 319
221 320
222 321
222 322
223 323
223 324
224 325
224 326
225 327
225 328
226 329
226 330
229 333
231 333
229 333
228 332
228 331
225 328
225 327
224 326
224 325
223 324
223 323
222 322
222 321
221 320
221 318
220 318
217 315
217 314
216 313
218 311
218 309
217 308
216 308
215 309
215 310
214 311
213 310
213 308
214 307
214 306
213 306
208 301
207 301
206 300
