92 139
92 140
91 141
91 142
90 143
91 144
91 145
92 146
93 146
94 147
95 147
96 148
97 148
98 149
100 149
102 151
102 154
99 157
99 158
98 159
98 161
94 165
93 165
93 166
92 167
92 168
91 169
87 169
86 168
84 168
83 167
81 167
80 166
75 166
74 167
73 167
71 169
71 170
72 171
72 174
71 175
71 176
67 180
66 180
66 183
67 184
68 184
69 185
71 185
72 186
73 186
77 190
78 190
83 195
85 195
91 201
92 201
93 202
94 202
95 203
98 203
99 204
101 204
102 205
103 205
104 206
105 206
106 207
107 207
108 208
108 211
107 212
107 213
106 214
106 216
107 217
107 218
108 219
108 220
109 221
109 222
111 224
112 224
114 226
114 227
115 227
116 228
118 228
121 231
121 232
122 233
122 234
124 236
124 239
125 240
125 241
126 242
126 243
127 244
127 245
128 246
128 247
130 249
131 249
133 251
133 252
136 255
136 256
139 259
139 260
144 265
144 264
138 258
138 257
135 254
135 253
127 245
127 244
126 243
126 241
124 239
124 235
121 232
121 231
120 230
120 229
119 229
118 228
116 228
108 220
108 219
107 218
107 217
106 216
106 214
107 213
107 212
108 211
108 208
107 207
106 207
105 206
104 206
103 205
102 205
101 204
99 204
98 203
95 203
94 202
93 202
87 196
86 196
85 195
84 195
80 191
79 191
75 187
74 187
73 186
72 186
71 185
69 185
66 182
66 181
68 179
69 179
70 178
70 177
72 175
72 171
71 170
71 169
73 167
74 167
75 166
80 166
81 167
83 167
84 168
86 168
87 169
91 169
92 168
92 167
95 164
96 164
98 162
98 159
101 156
101 155
102 154
102 150
101 150
100 149
98 149
97 148
96 148
95 147
94 147
90 143
91 142
91 141
93 139
