115 74
115 76
114 77
114 80
113 81
113 83
112 84
112 85
111 86
99 86
99 88
101 90
102 90
104 92
105 92
108 95
108 98
107 99
107 101
106 102
106 104
105 105
105 107
107 107
108 106
109 106
112 103
113 103
116 100
119 103
120 103
122 105
123 105
125 107
125 106
124 106
122 104
121 104
118 101
117 101
116 100
115 101
114 101
111 104
110 104
107 107
106 107
105 106
105 105
106 104
106 102
107 101
107 99
108 98
108 94
107 93
106 93
104 91
103 91
99 87
100 86
112 86
112 84
113 83
113 81
114 80
114 77
115 76
115 75
116 74
117 75
117 76
118 77
118 80
119 81
119 83
120 84
120 85
121 86
134 86
121 86
120 85
120 84
119 83
119 81
118 80
118 77
117 76
117 74
