428 433
427 434
426 434
424 436
424 437
423 438
423 441
424 442
424 443
428 447
429 447
430 448
430 449
431 450
431 451
430 452
429 452
428 451
428 450
426 448
425 448
423 450
423 453
424 454
424 455
425 456
434 456
435 455
435 454
436 453
437 454
438 453
438 443
439 442
439 437
440 436
440 435
442 433
446 433
447 434
447 438
448 439
448 443
449 444
449 449
450 450
450 455
449 456
446 456
445 455
445 453
444 452
443 452
441 454
441 455
440 456
437 456
441 456
441 454
443 452
444 452
445 453
445 455
446 456
450 456
450 450
449 449
449 444
448 443
448 439
447 438
447 434
446 433
442 433
440 435
440 436
439 437
439 442
438 443
438 453
437 454
436 453
436 448
435 447
435 446
432 443
431 443
430 442
430 441
431 440
432 441
436 441
436 439
435 438
435 435
434 434
433 434
432 433
