142 513
142 515
143 516
143 517
139 521
140 522
140 527
140 524
141 523
144 523
145 524
145 527
146 528
145 527
145 524
144 523
141 523
140 522
141 521
145 521
146 522
151 522
152 521
163 521
164 522
165 522
166 523
165 524
164 524
165 524
166 525
167 525
168 526
170 526
172 528
172 532
171 533
170 533
168 535
168 536
167 537
168 538
168 540
167 541
165 539
164 539
163 538
162 538
161 537
160 537
151 528
150 528
149 527
148 527
147 526
147 525
148 524
151 524
147 524
147 526
148 527
149 527
150 528
151 528
153 530
153 531
154 531
160 537
161 537
162 538
163 538
166 541
168 541
168 538
167 537
172 532
172 527
170 525
171 524
171 523
173 521
173 517
173 521
170 524
168 524
167 523
166 523
165 522
164 522
163 521
152 521
151 522
146 522
145 521
141 521
140 520
142 518
143 518
143 516
142 515
142 514
143 513
