267 388
267 389
268 388
269 388
270 389
270 391
271 392
271 401
272 402
272 404
273 405
273 407
274 408
274 409
275 410
275 411
276 412
276 413
277 414
277 415
278 416
278 419
277 420
276 419
276 420
275 421
274 420
273 420
272 419
273 418
274 418
273 418
272 419
270 419
269 420
268 420
267 421
265 421
263 423
262 423
261 422
259 422
258 421
256 421
258 421
259 422
261 422
262 423
263 423
265 421
267 421
268 422
267 423
266 423
265 424
266 423
267 423
268 422
269 422
268 422
267 421
268 420
269 420
270 419
272 419
273 420
272 421
271 421
272 421
273 420
274 420
275 421
272 424
272 425
270 427
270 428
269 429
269 430
270 431
270 432
271 433
271 434
269 436
268 436
268 437
267 438
267 440
269 442
269 444
268 445
268 446
269 447
269 450
270 451
270 457
268 459
268 461
267 462
261 456
260 456
256 452
260 456
261 456
267 462
266 463
268 461
268 459
269 458
270 458
270 451
269 450
269 447
268 446
268 445
269 444
269 442
267 440
267 438
270 435
271 435
271 433
270 432
270 431
269 430
269 429
271 427
271 426
275 422
275 421
276 420
278 420
278 416
277 415
277 414
276 413
276 412
275 411
275 409
273 407
273 405
272 404
272 402
271 401
271 392
270 391
270 388
