74 22
74 23
73 24
73 25
71 27
71 28
70 29
70 30
69 31
69 32
68 33
66 33
61 28
61 27
59 25
58 25
57 24
55 24
55 27
54 28
54 29
53 30
51 30
49 28
49 27
48 26
48 25
47 24
44 24
37 31
37 32
36 33
36 34
35 35
33 35
32 34
31 34
29 32
28 32
24 28
23 28
21 26
20 26
19 25
18 25
17 24
16 24
15 23
14 24
13 24
9 28
9 29
2 36
2 37
1 38
1 39
2 40
2 41
8 47
8 48
13 53
13 54
15 56
15 57
17 59
17 62
18 63
18 64
20 66
20 68
20 66
19 65
19 64
17 62
17 59
16 58
16 57
14 55
14 54
12 52
12 51
7 46
7 45
1 39
1 38
2 37
2 36
4 34
5 34
6 33
7 33
6 32
11 27
11 26
13 24
14 24
15 23
16 24
17 24
18 25
19 25
21 27
22 27
26 31
27 31
29 33
30 33
32 35
36 35
36 33
45 24
46 24
49 27
49 28
50 29
50 30
53 30
54 31
54 32
52 34
52 37
52 34
54 32
54 31
53 30
54 29
55 29
55 25
56 24
57 24
62 29
62 30
65 33
69 33
69 31
70 30
70 29
73 26
73 24
75 22
76 22
80 26
81 26
82 27
83 27
85 29
85 32
86 33
86 38
87 38
91 42
91 43
92 44
92 46
91 47
91 48
90 49
88 49
87 48
84 48
83 49
83 52
84 53
84 54
85 55
84 56
81 56
80 55
78 55
76 57
74 57
73 56
68 56
67 57
67 58
66 59
66 63
65 64
64 63
63 63
64 63
65 64
68 64
69 65
70 65
71 66
72 66
73 67
75 67
76 66
81 66
76 66
75 67
73 67
72 66
71 66
70 65
69 65
68 64
68 60
68 63
67 64
66 63
66 59
67 58
67 57
68 56
73 56
74 57
77 57
77 56
78 55
80 55
81 56
80 57
79 57
80 57
81 58
85 58
81 58
80 57
81 56
85 56
85 55
86 54
87 55
87 56
87 55
86 54
86 53
85 52
85 51
86 50
87 50
88 51
91 51
91 50
93 48
92 49
91 48
91 47
92 46
92 44
91 43
91 42
92 41
94 43
96 43
94 43
92 41
91 42
88 39
89 38
90 38
91 39
90 38
89 38
88 37
88 33
88 37
87 38
86 37
86 33
85 32
85 29
83 27
82 27
81 26
80 26
78 24
78 23
77 22
