104 135
100 139
98 139
98 141
99 142
99 144
98 145
97 145
96 146
95 146
91 150
88 150
87 149
87 148
86 148
85 147
83 147
82 146
80 146
79 145
72 145
71 146
70 146
70 147
69 148
70 149
70 150
72 152
72 154
69 157
69 158
66 161
65 161
65 162
66 163
67 163
69 165
70 165
71 166
72 166
73 167
75 167
78 170
79 170
82 173
83 173
84 174
86 174
92 180
93 180
94 181
99 181
100 182
101 182
102 183
104 183
105 184
106 184
107 185
109 185
113 189
113 190
120 190
122 192
126 192
122 192
121 191
122 190
127 190
128 191
129 191
129 190
128 191
127 190
122 190
121 191
120 190
114 190
112 188
112 187
111 186
110 186
109 185
107 185
106 184
105 184
104 183
102 183
101 182
100 182
99 181
94 181
88 175
87 175
86 174
84 174
81 171
80 171
77 168
76 168
75 167
73 167
72 166
71 166
69 164
68 164
67 163
66 163
65 162
67 160
68 160
68 159
72 155
72 151
69 148
72 145
79 145
80 146
82 146
83 147
85 147
88 150
92 150
97 145
99 145
99 141
98 140
99 139
100 139
104 135
105 135
