145 71
145 74
146 75
146 76
144 78
143 78
144 78
145 79
144 80
143 80
142 81
142 83
143 84
143 85
147 85
149 87
148 88
149 89
151 89
149 89
148 88
149 87
152 87
153 88
155 88
158 85
162 85
164 87
165 86
167 86
168 87
167 88
166 88
165 89
166 88
167 88
168 89
169 89
170 90
173 90
174 89
175 89
176 88
177 88
178 89
179 89
178 89
177 88
178 87
179 87
179 86
180 85
181 85
181 83
182 82
183 83
183 85
183 83
185 81
188 81
184 81
184 82
183 83
182 82
182 80
180 78
182 80
182 82
181 83
181 84
178 87
177 86
176 86
175 87
174 87
173 88
170 88
169 87
168 87
167 86
165 86
164 87
162 85
158 85
155 88
153 88
152 87
149 87
147 85
144 85
142 83
142 82
145 79
146 79
145 79
144 78
146 76
146 75
147 74
148 75
148 77
148 75
147 74
147 71
147 74
146 75
145 74
