246 351
246 353
248 355
248 359
247 360
247 362
246 363
246 369
247 370
247 373
248 374
248 375
249 376
249 377
250 378
250 379
251 380
251 382
252 383
252 384
253 385
253 386
254 387
254 388
253 389
253 400
254 401
254 403
255 404
255 405
254 406
254 407
252 409
250 409
249 410
248 410
247 411
247 412
246 413
244 413
242 411
242 410
241 409
240 410
238 408
238 407
234 403
238 407
238 408
240 410
240 412
242 414
240 412
240 410
241 409
242 410
242 411
244 413
246 413
247 414
246 415
244 415
247 415
248 416
248 417
248 416
247 415
247 411
248 410
249 410
250 411
249 412
249 414
249 412
250 411
252 411
253 410
252 409
254 407
254 406
255 405
255 404
254 403
254 401
253 400
253 389
254 388
254 387
253 386
253 385
252 384
252 383
251 382
251 380
250 379
250 378
249 377
249 376
248 375
248 374
247 373
247 370
248 369
249 370
249 372
249 370
248 369
248 363
249 362
249 361
249 362
248 363
247 362
247 360
248 359
248 355
246 353
