118 1
117 2
115 2
114 3
113 3
112 4
111 4
109 6
107 6
106 7
105 7
103 9
103 10
102 11
102 12
101 13
101 14
102 15
102 17
99 20
98 20
97 21
93 21
92 22
90 22
89 23
88 23
87 24
86 24
86 25
85 26
86 27
85 26
88 23
89 23
90 22
92 22
93 21
98 21
100 19
101 19
102 18
102 15
101 14
101 13
102 12
102 11
103 10
103 9
105 7
106 7
107 6
110 6
113 3
114 3
115 2
117 2
118 1
119 1
127 9
127 10
124 13
127 10
128 10
130 12
131 12
133 14
134 14
135 15
137 15
138 16
139 16
140 17
146 17
148 15
149 15
150 16
151 16
154 19
155 19
156 20
162 20
164 18
166 18
168 20
169 20
170 21
171 21
173 23
173 27
172 28
172 29
171 30
171 31
171 30
172 29
172 28
173 27
173 22
172 22
171 21
170 21
168 19
167 19
166 18
164 18
163 19
162 19
161 20
156 20
153 17
152 17
151 16
150 16
149 15
148 15
146 17
140 17
139 16
138 16
137 15
135 15
133 13
132 13
131 12
130 12
126 8
126 7
121 2
120 2
119 1
