138 30
138 34
139 35
140 35
141 34
142 34
143 33
145 33
146 34
145 35
144 35
145 35
146 34
149 37
149 38
151 40
151 41
152 42
152 43
153 44
153 46
152 47
152 49
151 50
152 49
152 47
153 46
153 44
152 43
152 42
151 41
151 39
150 39
149 38
149 37
150 36
151 37
158 37
159 38
163 38
164 39
163 40
159 40
163 40
164 39
165 39
166 40
166 41
169 44
169 48
168 49
168 50
169 51
169 52
170 53
170 54
171 55
175 55
176 56
177 56
178 57
182 57
184 59
184 60
183 61
184 62
184 63
186 65
186 66
191 66
193 68
192 69
192 70
191 71
191 72
190 73
190 76
187 79
184 79
183 78
184 79
188 79
188 78
189 77
190 77
190 73
191 72
191 71
192 70
193 70
194 71
193 72
194 71
192 69
193 68
194 68
195 69
197 69
198 70
204 70
205 69
211 69
212 68
213 68
214 69
215 69
219 73
218 72
218 71
217 70
216 70
215 69
214 69
213 68
212 68
211 69
205 69
204 70
198 70
197 69
195 69
194 68
193 68
191 66
187 66
185 64
185 63
183 61
184 60
184 58
183 58
182 57
178 57
177 56
176 56
175 55
172 55
169 52
169 51
168 50
168 49
169 48
169 43
165 39
164 39
163 38
164 37
165 37
165 34
166 33
166 31
167 30
168 30
169 31
169 32
169 31
168 30
167 30
166 31
166 33
165 34
165 36
163 38
159 38
158 37
151 37
150 36
150 35
150 36
149 37
148 36
148 35
147 34
146 34
145 33
146 32
147 32
146 32
145 33
143 33
142 34
141 34
140 35
139 35
138 34
