112 192
112 193
111 194
111 198
112 199
112 200
115 203
115 204
116 205
116 206
118 208
121 208
122 209
124 209
125 210
126 210
129 213
129 214
130 215
130 221
131 222
131 223
132 224
132 225
133 226
134 226
139 231
139 232
140 232
142 234
142 235
145 238
145 239
146 240
147 240
151 244
155 244
156 245
156 246
157 247
157 248
162 253
162 254
164 256
167 256
168 257
167 258
166 258
165 259
165 264
164 265
165 266
165 267
166 268
166 269
167 270
167 271
169 273
169 274
170 275
170 276
171 277
175 277
175 276
176 275
177 275
180 278
180 279
182 281
184 281
184 279
185 278
186 278
188 276
186 274
186 273
188 271
193 271
193 270
196 267
197 267
196 266
197 265
198 265
204 271
204 272
205 273
207 273
208 274
209 274
211 276
211 277
211 275
213 273
214 273
215 274
217 274
217 273
218 272
220 274
220 276
221 277
220 278
218 278
217 277
217 278
220 278
221 279
222 278
225 278
226 279
227 278
227 274
223 274
222 273
221 273
220 274
218 272
216 274
215 274
214 273
213 273
211 275
210 275
209 274
208 274
207 273
206 273
203 270
203 269
201 267
200 267
198 265
197 265
184 252
184 251
183 250
181 250
180 249
180 247
171 238
170 238
167 235
167 234
166 233
166 232
165 231
165 230
162 227
162 226
161 225
161 223
163 221
163 216
162 217
160 217
158 219
160 217
162 217
163 218
163 220
162 221
162 222
161 223
161 225
162 226
162 227
163 228
163 229
166 232
166 233
167 234
167 235
168 236
168 237
169 237
180 248
179 249
178 249
177 250
176 250
175 251
175 252
172 255
168 255
167 256
165 256
161 252
161 251
156 246
156 245
155 244
151 244
149 242
149 241
148 241
144 237
144 236
138 230
138 229
136 227
135 227
131 223
131 222
130 221
130 216
131 215
132 216
132 215
133 214
135 214
138 211
143 211
144 212
143 211
138 211
135 214
133 214
132 215
130 215
129 214
129 213
128 212
128 211
127 211
126 210
125 210
124 209
122 209
121 208
118 208
116 206
116 205
115 204
115 203
114 202
114 201
111 198
111 194
113 192
119 192
