139 540
138 541
139 540
141 542
141 543
146 548
146 549
148 551
148 552
149 553
149 557
148 558
148 559
147 560
147 561
145 563
143 563
142 564
140 564
139 565
138 564
138 561
138 564
137 565
136 564
136 561
131 561
135 561
136 562
136 565
135 566
133 566
132 567
126 567
125 568
124 568
122 570
121 570
119 572
118 571
119 572
120 572
123 569
124 569
126 567
132 567
133 566
136 566
138 564
139 565
140 564
142 564
143 563
145 563
146 562
147 562
147 560
149 558
149 553
148 552
148 551
147 550
147 549
145 547
145 546
144 546
141 543
141 542
