150 530
151 531
150 532
149 532
147 534
147 535
144 538
143 538
142 539
143 538
144 538
147 535
148 536
150 534
151 534
152 533
153 533
160 540
160 541
161 542
161 543
165 547
165 548
162 551
161 551
160 552
159 552
158 553
157 553
155 551
154 551
153 550
152 550
150 548
150 547
147 544
146 544
144 542
147 545
148 545
149 546
149 547
151 549
151 550
153 550
155 552
156 552
157 553
159 553
161 551
162 551
163 550
164 550
165 549
165 546
164 545
163 545
161 543
161 542
160 541
160 539
159 539
153 533
152 533
151 532
151 531
