109 498
108 499
108 501
107 502
107 503
106 504
106 506
100 512
96 512
95 513
94 512
93 513
91 513
90 514
89 514
88 515
87 515
84 518
84 521
85 522
85 523
86 524
86 526
87 527
87 528
93 528
94 527
97 527
102 532
103 532
104 533
105 533
106 534
106 536
104 538
103 538
102 539
102 540
101 541
101 543
99 545
99 546
98 547
98 548
97 549
97 555
98 556
97 557
97 566
96 567
96 568
95 569
95 581
96 582
96 583
97 584
97 586
93 590
93 592
101 592
102 591
104 591
106 589
107 589
108 588
109 588
110 587
111 587
115 583
115 582
116 581
116 578
117 577
117 576
118 575
118 574
116 572
116 571
114 569
114 568
115 567
117 569
115 567
115 565
113 563
113 559
112 559
113 560
113 563
114 564
113 565
113 567
114 568
114 569
116 571
116 572
118 574
118 575
117 576
117 577
116 578
116 581
109 588
108 588
107 589
106 589
105 590
104 590
103 591
102 591
101 592
94 592
93 591
97 587
97 583
95 581
95 569
96 568
96 567
97 566
97 557
98 556
97 555
97 549
98 548
98 547
100 545
100 544
101 543
101 541
105 537
106 537
106 534
105 533
104 533
102 531
101 531
99 529
99 528
98 528
97 527
94 527
93 528
88 528
86 526
86 523
84 521
84 519
85 518
85 517
87 515
88 515
89 514
90 514
91 513
93 513
94 512
95 513
95 515
97 517
98 517
102 521
103 521
105 523
107 523
108 524
110 524
111 525
112 525
113 526
114 525
114 524
115 523
119 523
120 524
122 522
123 522
123 519
124 518
124 516
123 515
124 516
124 518
123 519
123 521
120 524
119 523
115 523
114 524
114 525
113 526
112 525
111 525
110 524
108 524
107 523
105 523
103 521
102 521
98 517
97 517
95 515
95 513
96 512
101 512
106 507
106 504
108 502
108 499
109 498
111 498
112 499
112 504
114 506
114 507
115 508
115 509
116 510
115 509
115 508
114 507
114 506
112 504
112 499
111 498
