363 274
363 278
364 279
362 281
362 287
361 288
360 287
360 283
359 282
359 281
358 280
356 280
355 279
349 279
348 280
347 280
346 281
345 280
330 280
330 281
329 282
325 282
324 281
324 277
320 277
319 278
319 282
321 282
322 283
322 286
324 288
328 288
329 287
330 288
330 305
345 305
346 304
347 304
348 305
357 305
358 304
359 305
366 305
366 303
367 302
368 303
368 305
391 305
392 304
393 305
406 305
406 282
404 280
403 280
402 279
396 279
395 280
393 280
392 281
391 280
375 280
375 289
374 290
373 289
373 285
372 284
372 280
371 280
370 279
370 275
369 274
