362 274
362 278
363 279
362 280
362 284
361 285
360 284
360 282
357 279
348 279
347 280
346 280
345 279
330 279
330 281
329 282
328 281
326 281
325 280
325 277
319 277
319 283
321 283
322 284
322 286
324 288
329 288
330 289
330 293
329 294
328 294
327 293
322 293
321 294
320 294
319 295
319 299
320 299
321 300
328 300
329 299
330 300
330 305
329 306
326 306
325 307
325 308
324 309
324 315
325 316
330 316
331 315
331 307
330 306
331 305
345 305
346 304
347 305
348 305
349 306
356 306
357 305
393 305
394 306
400 306
401 305
406 305
406 281
405 280
404 280
403 279
394 279
393 280
392 280
391 279
374 279
374 281
373 282
372 281
372 279
371 279
370 278
370 274
