374 426
374 429
373 430
366 430
366 431
365 432
355 432
354 433
352 433
351 432
327 432
327 439
329 439
330 440
330 458
337 458
337 441
339 439
340 440
340 458
355 458
356 457
357 457
358 458
366 458
367 457
368 457
370 455
371 456
371 457
372 457
373 458
381 458
382 457
383 457
384 458
391 458
391 456
392 455
393 456
393 458
401 458
402 457
403 458
416 458
416 436
415 435
415 434
413 432
404 432
402 434
401 433
401 432
394 432
394 433
393 434
392 433
392 432
386 432
385 431
385 430
381 430
380 429
380 426
