115 17
114 18
113 18
110 21
109 21
108 22
107 22
106 23
105 23
104 24
103 24
102 25
101 25
100 26
99 26
98 27
98 28
97 29
97 30
96 31
96 33
97 34
97 36
96 37
95 37
93 39
90 39
89 40
88 40
87 41
86 41
85 42
82 39
77 39
76 40
75 40
74 41
73 41
72 42
72 43
71 44
71 45
70 46
70 48
69 49
68 48
68 47
67 46
67 45
65 43
65 42
64 41
63 41
62 40
59 40
58 41
57 41
56 42
55 42
54 41
54 40
53 40
52 39
49 39
48 40
47 40
46 41
46 42
45 43
45 45
44 46
43 46
42 47
42 48
41 49
41 50
39 52
36 49
36 48
33 45
32 45
31 44
30 44
29 43
28 43
27 42
26 42
25 41
20 41
19 42
18 42
18 43
17 44
17 45
16 46
16 47
14 49
14 50
11 53
9 53
7 55
7 59
8 60
8 61
9 62
9 63
17 71
17 72
18 73
18 74
19 75
19 76
20 77
20 78
21 78
23 80
23 86
24 87
24 88
25 88
26 89
30 89
31 88
33 88
34 89
32 91
32 92
31 93
31 99
30 100
30 105
31 106
31 107
33 109
33 111
34 112
34 113
37 116
37 117
38 118
38 119
39 119
40 120
41 120
43 122
43 123
44 123
45 124
46 124
47 125
52 125
54 127
55 127
57 129
58 129
59 130
61 130
62 129
63 129
64 128
64 127
65 126
65 124
68 121
72 121
73 120
74 120
75 119
76 119
81 124
82 124
84 126
84 127
85 128
86 128
87 129
83 133
82 133
82 134
81 135
81 139
82 140
82 141
83 141
84 142
87 142
88 143
88 145
89 146
89 147
90 148
91 148
92 149
93 149
94 150
95 150
96 151
97 151
99 153
97 155
97 156
96 157
96 159
92 163
91 163
91 164
89 166
86 166
85 165
83 165
82 164
73 164
72 165
71 165
69 167
69 174
65 178
64 178
64 179
63 180
63 183
64 184
64 185
65 186
66 186
67 187
68 187
69 188
71 188
75 192
76 192
81 197
82 197
83 198
84 198
89 203
90 203
91 204
92 204
93 205
94 205
95 206
98 206
99 207
101 207
102 208
103 208
105 210
105 211
104 212
104 218
105 219
105 220
106 221
106 222
107 223
107 224
109 226
110 226
112 228
112 229
113 229
114 230
115 230
116 231
117 231
119 233
119 234
120 235
120 236
121 237
121 239
122 240
122 241
123 242
123 243
124 244
124 245
125 246
125 247
126 248
126 249
128 251
129 251
131 253
131 254
134 257
134 258
137 261
137 262
142 267
143 267
144 268
145 268
146 269
146 270
147 271
147 272
148 273
148 274
150 276
150 277
151 277
153 279
153 286
154 287
154 290
155 291
155 292
157 294
157 297
158 298
158 299
159 299
160 300
165 300
167 302
167 303
168 304
169 304
170 305
172 305
174 307
174 309
176 311
177 311
180 314
181 314
182 315
183 315
184 316
183 317
182 317
181 318
180 318
179 319
178 319
177 320
177 321
176 322
176 324
177 325
177 327
178 328
178 329
180 331
180 332
181 333
181 334
184 337
186 337
188 339
188 340
189 341
190 341
191 342
191 349
190 350
189 350
188 351
187 351
187 352
186 353
186 356
187 357
187 358
188 359
188 365
189 366
189 371
188 372
188 374
185 377
185 378
184 379
184 383
183 384
183 387
182 388
182 394
183 395
183 396
185 398
185 403
186 404
186 405
188 407
188 408
189 409
189 410
190 411
190 413
191 414
191 421
190 422
190 423
189 424
189 425
188 426
188 427
187 428
187 430
186 431
186 438
187 439
187 440
188 441
188 442
189 443
189 449
190 450
190 454
189 455
189 457
186 460
185 460
184 459
180 459
179 460
178 460
177 461
176 461
168 469
163 469
162 470
161 470
159 472
158 472
157 473
151 473
149 475
149 477
148 478
148 482
147 483
146 483
145 482
142 482
141 481
136 481
135 482
134 482
133 483
133 484
132 485
129 485
127 487
127 491
128 492
128 493
129 494
129 497
128 498
128 502
129 503
129 504
130 505
130 506
134 510
134 511
135 511
136 512
137 512
139 514
138 515
138 516
137 517
136 516
133 516
131 514
131 512
129 510
124 510
123 511
122 511
121 512
114 512
113 513
112 513
110 515
108 515
107 514
106 514
105 513
101 513
100 514
99 514
99 515
98 516
98 520
99 521
99 523
98 524
97 524
95 526
95 527
92 530
90 530
89 529
84 529
83 530
82 530
79 533
77 533
75 535
75 539
78 542
78 543
79 544
79 545
78 546
78 547
77 548
77 550
79 552
79 553
81 555
83 555
85 553
85 552
87 550
88 550
89 549
90 549
91 550
91 551
92 552
90 554
90 556
92 558
92 560
91 561
91 564
90 565
90 571
89 572
89 584
88 585
88 603
89 604
89 605
86 608
86 611
89 614
89 617
91 619
94 619
96 617
96 614
98 612
101 612
102 611
103 611
104 610
105 610
105 609
108 606
109 606
110 605
111 605
111 604
112 603
112 602
113 601
113 600
114 599
114 597
115 596
115 595
119 591
121 591
122 590
124 590
125 589
126 589
127 588
128 588
129 587
130 587
131 586
133 586
134 585
135 585
136 584
138 584
139 583
141 583
142 582
143 582
145 580
145 577
147 575
153 575
154 574
155 574
157 572
157 571
158 570
158 564
159 563
160 563
162 561
162 556
164 554
165 554
165 553
166 552
166 542
167 541
170 541
173 544
176 544
177 543
178 543
179 542
182 542
185 539
187 539
188 538
189 538
190 537
191 537
192 536
193 536
197 532
199 532
200 531
201 531
203 529
208 529
209 528
210 528
210 527
211 526
211 523
212 522
212 521
213 520
214 520
215 519
216 519
217 520
219 520
220 519
221 519
221 518
224 515
225 515
227 513
227 512
229 510
231 510
232 509
235 509
237 507
237 506
239 504
244 504
246 502
246 494
247 493
249 493
250 492
251 492
251 491
252 490
252 488
253 487
253 486
254 485
254 482
255 481
255 480
256 479
256 475
255 474
255 473
254 472
254 470
257 467
257 464
256 463
256 460
257 459
257 457
258 456
259 456
261 454
261 452
262 451
262 447
261 446
261 445
260 444
260 442
262 440
262 437
261 436
261 435
259 433
259 432
258 431
258 430
257 429
257 428
256 427
256 418
257 417
257 415
256 414
256 412
258 410
258 408
255 405
256 404
256 398
255 397
255 391
256 390
256 388
254 386
253 386
252 385
252 382
251 381
251 380
249 378
249 375
248 374
248 364
247 363
247 362
246 361
246 360
243 357
243 356
242 355
242 350
241 349
242 348
242 347
243 346
243 344
241 342
241 341
240 340
240 339
241 338
243 338
244 339
244 340
246 342
248 342
250 340
250 338
248 336
246 336
245 335
245 334
243 332
241 332
239 334
239 335
238 336
237 335
235 335
234 334
233 334
231 332
231 331
229 329
229 328
226 325
226 324
225 323
225 322
224 321
224 319
221 316
221 315
220 314
220 313
221 312
221 309
219 307
218 307
217 306
216 306
209 299
207 299
205 297
205 296
204 296
199 291
198 291
197 290
195 290
194 289
194 288
193 287
192 287
189 284
188 284
185 281
185 280
179 274
179 273
178 272
178 271
177 270
177 269
174 266
173 266
163 256
163 255
161 253
161 252
159 250
159 249
158 248
158 247
157 246
157 245
156 244
156 241
157 240
157 235
156 234
156 233
155 232
155 231
154 230
154 229
153 229
152 228
151 228
150 227
150 226
148 224
147 224
146 223
145 223
144 222
143 222
139 218
139 217
136 214
136 213
135 212
135 211
133 209
133 205
132 204
132 203
131 202
131 201
129 199
129 198
127 196
127 195
129 193
130 193
130 192
131 191
131 188
132 187
132 186
133 185
133 180
134 179
134 171
136 169
136 168
137 167
137 165
138 164
138 163
139 162
139 161
140 160
141 160
142 159
144 159
145 158
146 158
151 153
151 152
152 151
152 150
153 149
155 149
156 148
158 148
160 146
160 145
161 144
161 134
166 129
166 128
167 127
169 127
170 128
171 128
172 129
175 129
177 127
178 127
181 124
183 126
184 126
185 127
185 128
187 130
189 130
191 128
191 124
193 122
193 121
194 120
194 119
195 118
197 120
199 120
200 119
202 119
204 117
204 114
202 112
201 112
200 111
199 111
198 110
198 108
197 107
198 106
199 106
200 105
201 105
202 106
202 107
204 109
206 109
208 107
208 105
207 104
208 103
208 102
209 101
209 97
210 96
210 94
209 93
209 92
204 87
203 87
202 86
199 86
198 87
197 87
196 88
194 88
193 89
192 89
191 88
190 88
189 87
187 87
184 84
181 84
177 80
177 79
176 78
176 77
175 77
174 76
173 76
171 74
170 74
169 73
166 73
164 71
164 62
160 58
160 57
162 55
163 55
164 54
165 54
165 53
166 52
166 50
167 49
167 48
168 47
168 46
169 45
169 43
164 38
163 38
162 37
161 37
160 36
159 36
158 35
156 35
155 36
154 36
153 37
151 37
149 35
148 35
147 34
146 34
145 33
139 33
138 34
137 34
136 35
132 31
131 31
130 30
128 30
127 29
127 28
126 27
126 26
124 24
124 23
122 21
122 20
120 18
119 18
118 17
