419 280
418 281
417 281
414 284
414 290
418 294
419 294
421 296
421 297
422 298
422 299
421 300
420 300
419 299
419 298
417 296
414 296
413 297
413 298
414 299
414 301
417 304
423 304
426 301
427 302
427 303
428 304
431 304
432 303
432 301
433 300
435 300
436 301
436 303
437 304
440 304
441 303
441 299
440 298
440 294
439 293
439 288
438 287
438 282
437 281
432 281
430 283
430 287
429 288
429 293
428 294
428 295
427 296
426 295
426 294
421 289
420 289
419 288
419 285
420 284
421 285
421 286
423 288
425 288
427 286
426 285
426 283
424 281
422 281
421 280
