398 246
396 248
395 248
394 249
395 250
395 251
394 252
394 253
393 254
393 259
392 260
391 259
391 252
390 251
389 251
388 252
388 262
387 263
386 262
386 252
385 251
384 251
382 253
380 251
376 251
374 253
374 263
376 265
377 265
379 267
380 267
381 266
380 265
382 263
383 263
385 265
389 265
391 263
393 265
394 265
396 263
398 265
399 265
400 264
401 264
402 265
404 265
405 264
406 264
407 265
409 265
410 264
410 252
409 251
408 251
407 252
407 253
406 254
405 253
405 252
404 251
402 251
401 252
401 258
400 259
399 258
399 254
398 253
398 252
397 251
397 250
398 249
398 248
399 247
