364 275
363 276
366 279
363 282
363 286
362 287
362 291
361 292
361 297
360 298
359 297
359 284
355 280
350 280
349 281
348 281
346 283
346 286
345 287
344 286
344 281
343 280
340 280
338 282
337 282
335 280
332 280
331 281
331 283
330 284
331 285
331 303
332 304
336 304
337 303
338 303
339 304
343 304
344 303
344 299
345 298
346 299
346 301
349 304
350 304
351 305
354 305
355 304
356 304
359 301
360 302
360 303
361 304
365 304
366 303
366 301
367 300
368 300
369 301
369 303
370 304
374 304
375 303
376 304
380 304
381 303
381 299
382 298
383 299
383 301
384 302
384 303
385 304
390 304
391 303
391 302
392 301
393 302
393 303
394 304
395 304
396 305
398 305
399 304
404 304
405 303
405 292
404 291
399 291
398 290
398 286
399 285
400 286
400 288
401 289
404 289
405 288
405 283
403 281
402 281
401 280
396 280
395 281
394 281
393 282
393 283
392 284
391 283
391 282
389 280
386 280
385 281
385 286
384 287
383 286
383 284
382 283
382 281
381 280
376 280
375 281
375 294
374 295
373 294
373 289
372 288
372 284
371 283
371 281
369 279
369 276
368 275
