408 399
406 401
405 401
403 403
404 404
404 405
403 406
403 411
402 412
401 411
401 407
400 406
400 405
399 404
398 404
397 405
396 405
395 404
394 404
393 405
393 414
392 415
391 414
391 406
389 404
386 404
384 406
384 413
383 414
384 415
384 417
386 419
388 419
389 420
390 419
390 418
391 417
391 416
392 415
393 416
393 417
394 418
395 418
396 419
398 419
400 417
402 419
406 419
407 418
408 419
409 419
410 418
411 418
412 419
413 419
414 418
414 416
415 415
416 416
416 417
418 419
420 417
420 406
418 404
416 406
415 406
413 404
412 404
411 405
411 406
410 407
410 408
409 409
408 408
408 405
407 404
408 403
407 402
409 400
