428 433
427 434
426 434
424 436
424 438
423 439
423 440
424 441
424 443
428 447
429 447
431 449
431 452
430 453
429 453
428 452
428 450
427 449
424 449
423 450
423 453
427 457
432 457
433 456
434 456
435 455
435 454
436 453
437 454
437 456
438 457
440 457
442 455
442 453
443 452
444 452
445 453
445 454
446 455
446 456
447 457
450 457
451 456
451 454
450 453
450 448
449 447
449 442
448 441
448 437
447 436
447 434
446 433
441 433
440 434
440 438
439 439
439 443
438 444
438 450
437 451
436 450
436 448
435 447
435 446
432 443
431 443
428 440
428 439
430 437
431 438
431 440
432 441
435 441
436 440
436 437
435 436
435 435
434 434
433 434
432 433
