365 275
364 276
365 277
365 278
366 279
367 279
368 280
367 281
365 281
363 283
363 289
362 290
362 294
361 295
361 300
360 301
359 300
359 285
358 284
358 283
356 281
354 281
353 280
351 280
350 281
349 281
346 284
346 300
347 301
347 302
348 303
349 303
350 304
355 304
359 300
360 301
360 303
361 304
364 304
365 303
365 301
366 300
368 300
369 301
369 303
370 304
374 304
375 303
376 303
377 304
380 304
381 303
381 297
382 296
383 297
383 300
384 301
384 303
385 304
389 304
390 303
390 282
389 281
386 281
385 282
385 288
384 289
383 288
383 285
382 284
382 282
381 281
377 281
376 282
376 302
375 303
374 302
374 298
373 297
373 292
372 291
372 287
371 286
371 282
370 281
369 281
368 280
369 279
369 277
367 275
366 276
