406 396
404 398
404 399
403 400
402 400
402 401
401 402
384 402
382 404
382 405
381 406
381 417
382 418
382 419
384 421
385 421
386 422
387 422
388 423
391 423
393 421
402 421
403 422
406 422
407 421
420 421
422 419
423 420
424 420
425 421
450 421
451 420
452 420
452 419
453 418
453 417
454 416
454 408
453 407
453 405
452 404
452 403
451 403
450 402
444 402
443 403
442 402
442 399
440 397
436 397
434 399
434 402
433 403
432 402
425 402
423 404
422 404
420 402
412 402
411 401
411 399
410 398
410 397
409 397
408 396
