112 0
110 2
109 2
107 4
105 4
104 5
103 5
101 7
101 8
100 9
100 10
99 11
99 16
97 18
96 18
95 19
91 19
90 20
88 20
87 21
86 21
85 22
84 22
84 23
83 24
82 24
80 22
80 21
79 20
78 20
77 19
74 19
73 20
72 20
72 21
71 22
71 23
69 25
69 26
68 27
68 28
67 29
66 29
63 26
63 25
61 23
60 23
59 22
58 22
57 21
55 21
53 23
53 25
52 26
50 24
50 23
49 22
48 22
47 21
44 21
43 22
42 22
35 29
35 30
33 32
31 30
30 30
26 26
25 26
23 24
22 24
21 23
20 23
19 22
18 22
17 21
13 21
12 22
11 22
7 26
7 27
1 33
0 33
0 43
6 49
6 50
11 55
11 56
13 58
13 59
15 61
15 64
16 65
16 66
18 68
18 69
20 71
22 71
23 70
24 70
25 69
25 68
26 67
26 66
27 65
29 67
29 71
27 73
27 74
26 75
26 76
25 77
25 81
24 82
24 87
25 88
25 89
31 95
31 96
34 99
35 99
38 102
39 102
40 103
42 103
43 104
46 104
47 105
48 105
49 106
50 106
53 109
54 109
55 110
58 110
59 109
60 109
62 107
63 107
66 104
67 104
71 100
72 100
73 99
78 99
79 100
80 100
85 105
86 105
88 107
88 108
89 109
87 111
86 111
85 112
84 112
83 113
83 114
82 115
82 117
83 118
83 119
84 120
85 120
86 121
91 121
93 123
93 124
94 125
94 127
96 129
99 129
101 131
101 134
98 137
97 137
95 139
95 141
96 142
94 144
93 144
90 147
89 146
88 146
87 145
85 145
84 144
82 144
81 143
70 143
69 144
68 144
68 145
67 146
67 150
68 151
68 152
69 153
67 155
67 156
64 159
63 159
63 160
62 161
62 163
64 165
65 165
67 167
68 167
69 168
70 168
71 169
72 169
73 170
74 170
76 172
77 172
80 175
81 175
82 176
83 176
84 177
85 177
90 182
91 182
92 183
93 183
94 184
99 184
100 185
101 185
102 186
104 186
105 187
106 187
107 188
108 188
110 190
110 191
109 192
109 195
108 196
108 198
109 199
109 200
110 201
110 202
113 205
113 206
114 207
114 208
116 210
117 210
118 211
121 211
122 212
124 212
127 215
127 216
128 217
128 223
129 224
129 225
130 226
130 227
131 228
132 228
137 233
137 234
138 234
140 236
140 237
143 240
143 241
144 242
145 242
149 246
150 246
151 247
153 247
155 249
155 250
160 255
160 256
163 259
163 262
162 263
162 267
163 268
163 269
164 270
164 271
165 272
165 273
167 275
167 276
168 277
168 278
169 279
170 279
171 280
177 280
180 283
181 283
182 284
183 284
186 287
187 287
189 289
190 289
191 290
192 290
194 292
195 292
197 294
196 295
196 296
195 297
193 297
192 298
191 298
190 299
189 299
189 300
188 301
188 304
189 305
189 307
190 308
190 309
193 312
193 313
197 317
198 317
199 318
200 318
205 323
205 324
207 326
205 328
204 328
204 329
201 332
201 352
200 353
200 354
199 355
198 355
197 356
197 357
196 358
196 362
195 363
195 374
196 375
196 376
198 378
198 387
199 388
199 389
200 389
203 392
203 393
205 395
205 397
204 398
204 402
202 404
202 405
201 406
201 413
200 414
200 417
198 419
198 426
200 428
203 428
204 429
204 430
205 431
204 432
204 433
203 434
203 435
202 436
202 438
201 439
200 439
198 441
197 441
196 440
193 440
192 441
189 441
185 445
184 445
183 446
183 447
181 449
180 449
179 450
178 450
177 451
175 451
174 452
167 452
166 453
161 453
160 454
159 454
159 455
158 456
158 459
159 460
159 464
158 465
155 462
153 462
152 461
145 461
144 462
142 462
140 464
140 465
138 467
137 467
136 468
135 468
135 469
134 470
134 473
135 474
135 475
137 477
137 479
136 480
136 484
137 485
137 486
139 488
140 488
144 492
144 493
145 493
146 494
147 494
148 495
148 496
147 497
147 499
146 500
143 497
141 497
140 498
138 496
138 495
137 494
137 493
136 493
135 492
131 492
130 493
129 493
128 494
121 494
120 495
119 495
118 496
117 496
116 497
114 497
113 496
112 496
111 495
108 495
106 497
106 499
105 500
105 501
104 502
104 504
98 510
92 510
91 511
89 511
88 512
87 512
86 513
85 513
82 516
82 517
81 518
81 521
82 522
82 523
83 524
83 525
84 526
84 528
85 529
85 530
86 530
87 531
88 531
89 532
88 533
87 533
87 534
86 535
81 535
78 532
76 532
75 533
71 533
70 532
70 525
69 524
69 519
68 518
68 517
67 516
66 516
65 515
62 515
61 516
60 516
57 519
57 520
56 521
56 523
59 526
59 534
58 535
56 535
55 534
54 534
53 533
49 533
48 534
47 534
46 535
45 534
40 534
39 535
38 535
35 532
33 532
32 533
28 533
26 535
26 543
28 545
30 545
31 544
38 544
39 545
45 545
46 544
49 544
50 545
51 545
52 546
55 546
56 545
66 545
67 544
72 544
73 545
84 545
85 544
86 544
87 545
90 545
91 544
92 544
92 543
93 542
93 534
91 532
92 531
93 531
94 530
96 530
100 534
101 534
102 535
100 537
100 538
99 539
99 541
97 543
97 544
96 545
96 546
95 547
95 564
94 565
94 566
93 567
93 583
94 584
94 585
91 588
91 589
90 590
90 592
91 593
91 594
92 594
93 595
101 595
102 594
104 594
105 593
106 593
108 591
109 591
110 590
111 590
112 589
113 589
117 585
117 584
118 583
118 582
119 581
119 578
120 577
120 576
125 571
126 571
127 570
132 570
133 569
136 569
137 568
139 568
140 567
142 567
143 566
145 566
146 565
147 565
148 564
149 564
149 563
150 562
150 561
151 560
151 559
152 558
152 555
153 554
154 554
155 555
156 555
157 556
159 556
160 555
161 555
163 553
164 553
165 552
166 552
167 551
167 550
168 549
168 546
167 545
168 544
169 544
171 542
171 537
175 533
175 527
174 526
174 524
176 522
176 521
177 520
181 520
182 519
183 520
183 522
185 524
187 524
188 523
190 523
191 522
193 522
194 521
196 521
197 520
198 520
199 519
201 519
202 520
205 520
206 519
207 519
208 520
215 520
216 521
219 521
220 520
221 520
222 519
223 519
224 520
236 520
238 518
238 512
236 510
230 510
229 509
230 508
235 508
236 507
237 507
238 508
242 508
243 509
243 512
244 513
244 514
245 514
246 515
253 515
255 513
255 509
256 508
263 508
264 509
267 509
269 507
269 506
270 505
270 503
271 502
271 500
269 498
264 498
263 497
262 497
261 496
254 496
253 497
252 497
251 498
248 495
246 495
244 497
243 497
241 495
244 492
245 492
248 489
250 489
253 492
255 492
256 491
257 491
258 492
277 492
279 490
279 485
278 484
278 483
277 483
276 482
267 482
265 480
265 475
268 472
269 472
269 471
270 470
270 467
271 466
271 461
272 460
272 459
273 458
273 451
272 450
273 449
287 449
288 448
289 448
290 449
304 449
306 451
308 451
309 450
310 450
311 449
311 448
312 447
312 441
310 439
296 439
294 437
289 437
287 439
283 439
280 436
278 436
277 437
275 437
274 436
274 433
273 432
273 431
272 430
273 429
273 428
279 422
280 422
280 421
281 420
281 416
280 415
280 414
279 413
279 412
278 411
278 409
277 408
277 407
276 406
276 405
275 404
275 402
274 401
274 392
273 391
273 382
274 381
274 377
273 376
273 374
272 373
272 372
271 371
271 370
270 369
270 363
269 362
269 361
267 359
267 358
266 357
266 350
265 349
265 347
264 346
264 341
263 340
263 339
258 334
258 323
257 322
257 321
251 315
251 314
247 310
247 309
248 308
253 308
254 309
260 309
262 307
262 301
260 299
261 298
262 298
263 297
264 297
264 296
265 295
265 289
263 287
252 287
250 285
243 285
241 287
238 287
237 286
236 286
235 285
230 285
229 286
228 286
225 283
225 282
226 281
228 281
230 279
230 274
229 273
229 272
228 272
227 271
220 271
219 270
212 270
211 271
208 271
205 268
205 267
203 265
202 265
201 264
200 264
186 250
186 249
185 248
184 248
182 246
182 245
173 236
172 236
169 233
169 232
168 231
168 230
167 229
167 228
164 225
164 224
165 223
165 222
166 221
166 214
160 208
159 208
158 207
157 207
154 204
153 204
150 201
149 201
148 200
147 200
143 196
143 195
140 192
140 187
141 186
150 186
152 184
152 179
151 178
151 177
150 177
147 174
145 174
143 176
142 176
141 175
134 175
133 174
137 170
137 169
138 168
138 167
139 166
139 159
140 158
140 149
142 147
144 147
146 149
184 149
186 147
186 142
185 141
185 140
184 140
183 139
178 139
176 137
169 137
168 138
167 138
166 137
165 137
164 136
162 136
159 139
155 139
153 137
153 136
154 135
155 135
156 134
157 134
158 133
159 133
165 127
165 126
168 123
168 121
169 120
169 113
171 111
172 111
173 110
174 110
175 109
191 109
192 108
193 108
194 109
205 109
207 111
211 111
212 110
213 110
213 109
214 108
214 102
213 101
213 100
212 100
211 99
198 99
197 98
198 97
219 97
221 99
224 99
225 98
226 98
227 97
235 97
237 99
240 99
241 98
242 98
242 97
243 96
243 93
244 92
244 89
242 87
232 87
231 86
227 86
226 87
213 87
212 86
213 85
213 84
214 83
218 83
220 81
220 79
219 78
222 75
222 73
221 72
221 71
220 70
220 69
219 68
218 68
217 67
216 67
215 66
210 66
209 67
203 67
202 68
200 68
199 67
196 67
193 64
189 64
187 62
187 58
186 57
186 56
185 56
184 55
182 55
181 54
178 54
177 53
174 53
171 50
171 49
172 48
172 43
171 42
171 41
168 38
168 36
169 35
171 35
173 33
173 32
174 31
174 30
175 29
175 28
176 27
176 22
175 21
175 20
174 20
173 19
172 19
170 17
169 17
168 16
162 16
161 17
160 17
159 18
158 18
155 15
154 15
153 14
152 14
151 13
146 13
144 15
142 15
141 14
140 14
139 13
137 13
135 11
134 11
133 10
132 10
128 6
128 5
123 0
