363 273
361 275
361 277
362 278
362 280
361 281
360 281
358 279
357 279
356 278
349 278
348 279
345 279
344 278
339 278
338 279
337 279
336 278
331 278
328 281
326 279
326 278
324 276
320 276
318 278
318 282
322 286
322 287
323 288
324 288
325 289
328 289
329 290
329 292
328 293
327 293
326 292
323 292
322 293
321 293
320 294
319 294
319 295
318 296
318 298
320 300
321 300
322 301
327 301
328 300
329 301
329 304
328 305
327 305
326 306
325 306
325 307
324 308
324 309
323 310
323 314
324 315
324 316
325 316
326 317
329 317
330 316
331 316
331 315
332 314
332 308
331 307
332 306
344 306
345 305
347 305
348 306
349 306
350 307
355 307
356 306
357 306
358 305
359 305
360 306
366 306
367 305
368 305
369 306
374 306
375 307
374 308
373 308
373 309
372 310
372 312
373 313
373 314
374 315
375 315
376 316
378 316
379 315
381 315
382 316
384 316
385 315
386 315
387 314
387 313
388 312
388 310
387 309
387 308
386 307
387 306
394 306
395 307
399 307
400 306
405 306
407 304
407 282
406 281
406 280
405 280
404 279
403 279
402 278
395 278
394 279
391 279
390 278
385 278
384 279
383 279
382 278
375 278
374 279
372 279
371 278
371 275
369 273
