334 447
331 450
328 450
327 451
326 451
325 452
325 453
324 454
324 458
326 460
326 461
325 462
325 466
323 468
323 469
321 471
319 471
318 472
317 472
317 473
316 474
316 475
312 479
312 482
314 484
315 484
316 485
315 486
315 488
314 489
312 489
310 491
310 493
306 497
306 500
308 502
309 502
310 503
309 504
309 506
311 508
314 508
318 504
321 504
323 502
324 503
324 506
326 508
328 508
329 507
330 507
331 506
331 505
332 504
335 504
336 503
337 503
337 502
338 501
338 499
337 498
338 497
338 496
339 495
343 495
345 493
345 490
346 489
347 489
347 483
346 483
345 482
345 476
346 475
346 473
347 472
347 459
343 455
343 452
341 450
339 450
336 447
