374 425
371 428
368 428
367 429
366 429
366 430
365 431
355 431
354 432
352 432
351 431
328 431
327 432
326 432
326 433
325 434
325 436
326 437
326 439
329 442
329 457
331 459
337 459
338 458
339 458
340 459
354 459
355 458
357 458
358 459
366 459
367 460
367 461
366 462
366 465
365 466
364 465
363 465
362 464
360 464
359 465
358 465
357 466
357 467
356 468
356 470
355 471
353 469
348 469
346 471
346 474
347 475
347 476
348 476
349 477
353 477
355 475
355 473
356 472
357 473
357 474
359 476
364 476
365 475
366 475
366 474
367 473
367 472
368 471
370 471
371 470
372 470
375 467
375 466
376 465
376 461
375 460
376 459
381 459
382 458
384 458
385 459
391 459
392 458
393 458
394 459
400 459
401 458
402 458
403 459
403 460
402 461
401 461
401 462
400 463
400 464
398 466
397 466
397 467
396 468
396 470
397 471
397 472
399 474
402 474
403 473
404 473
404 472
406 470
408 470
409 469
410 469
410 468
411 467
411 464
410 463
410 462
409 462
408 461
406 461
405 460
406 459
415 459
417 457
417 436
416 435
416 434
415 433
415 432
414 432
413 431
404 431
403 432
401 432
400 431
394 431
393 432
392 432
391 431
387 431
386 430
386 429
385 429
384 428
382 428
379 425
