114 17
113 18
112 18
109 21
108 21
107 22
106 22
105 23
104 23
103 24
102 24
101 25
100 25
97 28
97 29
96 30
96 34
97 35
94 38
93 38
92 39
89 39
88 40
87 40
85 42
82 39
76 39
75 40
74 40
71 43
71 44
70 45
70 47
69 48
68 47
68 46
67 45
67 44
63 40
62 40
61 39
59 39
58 40
57 40
56 41
55 41
53 39
48 39
46 41
46 42
45 43
45 44
43 46
42 46
42 47
41 48
41 49
40 50
40 51
39 52
37 50
37 49
32 44
31 44
30 43
29 43
28 42
27 42
26 41
25 41
24 40
21 40
20 41
19 41
17 43
17 44
16 45
16 46
15 47
15 48
12 51
12 52
11 53
9 53
7 55
7 60
8 61
8 62
9 63
9 64
17 72
17 73
18 74
18 75
19 76
19 77
23 81
23 87
24 88
24 89
25 89
26 90
29 90
30 89
31 89
32 88
33 89
33 90
30 93
30 95
31 96
31 97
30 98
30 101
29 102
29 104
30 105
30 106
32 108
32 110
33 111
33 112
37 116
37 117
38 118
38 119
39 119
44 124
45 124
46 125
51 125
53 127
54 127
55 128
56 128
57 129
58 129
59 130
62 130
63 129
64 129
64 128
65 127
65 125
69 121
73 121
74 120
76 120
77 121
78 121
80 123
80 124
81 124
85 128
85 130
81 134
81 135
80 136
80 139
81 140
81 141
82 141
83 142
87 142
88 143
88 146
89 147
89 148
90 148
91 149
92 149
93 150
94 150
95 151
96 151
98 153
97 154
97 155
96 156
96 157
95 158
95 160
94 161
93 161
90 164
90 165
89 166
87 166
86 165
85 165
84 164
72 164
71 165
70 165
68 167
68 170
69 171
69 173
64 178
63 178
63 179
62 180
62 183
63 184
63 185
64 185
66 187
67 187
68 188
70 188
71 189
72 189
76 193
77 193
82 198
83 198
84 199
85 199
90 204
91 204
92 205
93 205
94 206
97 206
98 207
100 207
101 208
102 208
103 209
104 209
105 210
104 211
104 212
103 213
103 217
104 218
104 219
105 220
105 221
106 222
106 223
107 224
107 225
108 226
109 226
113 230
114 230
115 231
117 231
118 232
118 233
119 234
119 235
121 237
121 240
122 241
122 242
124 244
124 246
125 247
125 248
126 249
126 250
127 250
133 256
133 257
135 259
135 260
138 263
138 264
141 267
142 267
143 268
145 268
146 269
146 271
147 272
147 273
149 275
149 276
151 278
152 278
153 279
153 288
154 289
154 291
155 292
155 293
157 295
157 297
158 298
158 299
159 299
160 300
165 300
166 301
166 302
169 305
170 305
171 306
172 306
173 307
173 308
174 309
174 310
175 311
176 311
177 312
178 312
180 314
181 314
183 316
182 317
181 317
180 318
179 318
178 319
177 319
177 320
176 321
176 325
177 326
177 328
178 329
178 330
180 332
180 333
182 335
182 336
183 337
184 337
185 338
186 338
188 340
188 341
189 341
191 343
191 344
190 345
190 349
189 350
188 350
186 352
186 357
187 358
187 359
188 360
188 374
185 377
185 378
184 379
184 380
183 381
183 386
182 387
182 388
181 389
181 392
182 393
182 394
183 395
183 396
185 398
185 404
186 405
186 406
188 408
188 409
190 411
190 415
191 416
191 419
190 420
190 422
189 423
189 424
188 425
188 426
187 427
187 429
186 430
186 439
187 440
187 441
188 442
188 444
189 445
189 456
188 457
188 458
186 460
185 459
179 459
178 460
177 460
176 461
175 461
174 462
174 463
169 468
163 468
162 469
161 469
157 473
151 473
149 475
149 476
148 477
148 481
147 482
144 482
143 481
135 481
134 482
133 482
133 483
131 485
129 485
128 486
127 486
127 487
126 488
126 490
127 491
127 492
128 493
128 503
129 504
129 505
130 506
130 507
134 511
135 511
136 512
137 512
138 513
138 515
137 516
136 516
135 515
133 515
131 513
131 512
130 511
130 510
129 510
128 509
125 509
124 510
123 510
122 511
121 511
120 512
113 512
112 513
111 513
109 515
107 513
106 513
105 512
101 512
100 513
99 513
99 514
98 515
98 521
99 522
97 524
96 524
95 525
95 526
92 529
83 529
82 530
81 530
80 531
80 532
79 533
77 533
76 532
73 532
71 534
71 543
73 545
75 545
77 543
78 544
78 547
77 548
77 550
78 551
78 553
80 555
83 555
85 553
85 552
86 551
87 551
88 550
90 550
91 551
91 552
90 553
90 556
92 558
92 559
91 560
91 562
90 563
89 562
89 559
87 557
84 557
82 559
82 562
84 564
87 564
89 562
90 563
90 569
89 570
89 583
88 584
88 605
85 608
85 611
87 613
88 613
89 614
89 617
91 619
94 619
96 617
96 614
97 613
99 613
100 612
102 612
103 611
104 611
106 609
106 608
107 607
108 607
109 606
110 606
112 604
112 603
113 602
113 601
114 600
114 599
115 598
115 596
120 591
122 591
123 590
125 590
126 589
127 589
128 588
129 588
130 587
131 587
132 586
134 586
135 585
136 585
137 584
140 584
141 583
142 583
143 582
144 582
144 581
145 580
145 578
146 577
146 576
147 575
148 575
149 576
152 576
153 575
154 575
155 574
156 574
157 573
157 572
158 571
158 570
159 569
159 564
160 563
161 563
163 561
163 558
162 557
162 556
163 555
164 555
165 554
165 553
166 552
166 551
167 550
167 548
166 547
166 543
167 542
171 542
173 544
176 544
177 543
178 543
179 542
182 542
183 541
184 541
186 539
188 539
189 538
190 538
191 537
192 537
193 536
194 536
198 532
199 532
200 531
201 531
202 530
203 530
204 529
208 529
209 528
210 528
210 527
211 526
211 525
212 524
212 522
214 520
216 520
217 521
219 521
220 520
221 520
221 519
222 518
222 517
223 516
224 516
225 515
226 515
227 514
227 513
229 511
230 511
231 510
234 510
235 509
236 509
236 508
237 507
237 506
239 504
240 505
242 505
243 504
244 504
245 503
246 503
246 502
247 501
247 495
248 494
249 494
250 493
251 493
251 492
252 491
252 490
253 489
253 488
254 487
254 486
255 485
255 481
256 480
256 475
255 474
255 473
254 472
254 471
256 469
257 469
257 468
258 467
258 465
257 464
257 463
256 462
257 461
257 460
258 459
258 457
261 454
261 453
262 452
262 446
261 445
261 444
260 443
260 442
262 440
262 436
261 435
261 434
259 432
259 431
258 430
258 429
257 428
257 423
256 422
256 419
257 418
257 412
259 410
259 408
257 406
256 406
255 405
256 404
256 402
257 401
257 398
256 397
256 396
255 395
255 392
257 390
257 388
255 386
254 386
253 385
253 383
252 382
252 381
250 379
250 376
249 375
249 374
248 373
248 369
249 368
249 365
248 364
248 363
247 362
247 361
244 358
244 357
243 356
243 353
242 352
242 348
243 347
243 344
242 343
242 342
241 341
241 340
240 339
241 338
242 338
243 339
243 340
245 342
248 342
250 340
250 337
248 335
246 335
245 334
245 333
243 331
241 331
239 333
239 334
238 335
237 334
235 334
232 331
231 331
230 330
230 329
227 326
227 325
226 324
226 323
225 322
225 321
224 320
224 318
223 317
223 316
222 316
220 314
220 313
221 312
221 308
219 306
217 306
216 305
216 304
215 304
210 299
209 299
208 298
206 298
205 297
205 296
204 295
203 295
199 291
199 290
198 290
197 289
195 289
192 286
191 286
179 274
179 273
180 272
181 273
184 273
186 271
186 268
184 266
182 266
181 267
180 267
180 268
178 270
177 269
177 268
176 268
170 262
169 262
167 260
167 259
162 254
162 253
160 251
160 250
159 249
159 248
158 247
158 246
157 245
157 244
156 243
156 242
157 241
157 239
158 238
158 236
157 235
157 234
156 233
156 232
155 231
155 230
153 228
152 228
150 226
150 225
149 225
147 223
146 223
145 222
144 222
143 221
142 221
140 219
140 218
138 216
138 215
136 213
136 212
134 210
134 209
133 208
133 204
132 203
132 202
131 201
131 200
129 198
129 197
127 195
128 194
129 194
131 192
131 189
132 188
132 187
133 186
133 181
134 180
134 171
137 168
137 167
138 166
138 164
139 163
139 161
140 160
142 160
143 159
144 159
145 158
146 158
148 156
149 156
149 155
152 152
152 151
154 149
155 149
156 148
158 148
161 145
161 144
162 143
162 141
161 140
161 139
162 138
162 135
161 134
163 132
164 132
164 131
168 127
169 128
170 128
171 129
172 129
173 130
175 130
180 125
182 125
187 130
189 130
190 129
191 129
192 130
195 130
197 128
197 126
195 124
193 124
192 123
193 122
193 121
195 119
197 121
199 121
200 120
201 120
204 117
204 114
202 112
201 112
199 110
199 108
198 107
199 106
200 106
201 105
202 106
202 108
204 110
206 110
208 108
208 105
207 104
208 103
208 102
209 101
209 99
210 98
210 97
211 96
211 94
208 91
208 90
207 90
204 87
203 87
202 86
198 86
197 87
196 87
195 88
190 88
189 87
187 87
184 84
182 84
181 83
180 83
177 80
177 79
176 78
176 77
175 77
172 74
171 74
170 73
167 73
165 71
165 64
164 63
164 62
163 61
163 60
162 60
161 59
161 56
162 55
163 55
164 54
165 54
166 53
166 52
167 51
167 49
168 48
168 46
169 45
169 43
168 42
168 41
167 41
163 37
162 37
161 36
160 36
159 35
154 35
153 36
152 36
151 37
148 34
147 34
146 33
144 33
143 32
140 32
139 33
138 33
137 34
136 34
134 32
133 32
131 30
130 30
129 29
128 29
127 28
127 27
126 26
126 25
123 22
123 21
121 19
121 18
120 18
119 17
