427 433
426 434
425 434
424 435
424 437
423 438
423 441
424 442
424 444
427 447
428 447
429 448
428 449
423 449
423 454
426 457
433 457
434 456
435 456
435 455
436 454
437 455
437 457
441 457
442 456
442 454
443 453
444 453
445 454
445 455
446 456
446 457
451 457
451 453
450 452
450 447
449 446
449 441
448 440
448 436
447 435
447 433
440 433
440 437
439 438
439 442
438 443
438 449
437 450
436 449
436 447
435 446
435 445
433 443
432 443
431 442
432 441
436 441
436 436
435 435
435 434
434 434
433 433
