503 298
501 300
501 312
500 313
500 316
499 317
499 318
491 326
490 326
489 327
488 327
487 328
485 328
484 329
467 329
466 328
464 328
462 330
464 332
466 332
467 333
471 333
472 334
483 334
484 333
487 333
488 332
490 332
491 331
490 332
488 332
487 333
484 333
483 334
472 334
471 333
467 333
466 332
464 332
462 330
464 328
466 328
467 329
484 329
485 328
487 328
488 327
489 327
490 326
491 326
492 325
493 325
498 320
498 319
499 318
499 317
500 316
500 313
501 312
501 300
503 298
505 300
505 305
506 306
506 310
505 311
505 316
504 317
504 319
504 317
505 316
505 311
506 310
506 306
505 305
505 299
504 299
