392 49
392 50
391 51
391 52
392 53
392 54
393 55
391 57
375 57
374 58
366 58
365 59
362 59
361 60
359 60
358 61
356 61
355 62
352 62
351 63
349 63
348 64
346 64
345 65
342 65
341 66
339 66
338 67
336 67
335 68
333 68
332 69
331 69
330 70
328 70
327 71
325 71
324 72
323 72
322 73
321 73
320 74
318 74
317 75
316 75
315 76
314 76
313 77
312 77
310 79
309 79
308 80
307 80
305 82
304 82
303 83
302 83
300 85
299 85
297 87
296 87
294 89
293 89
290 92
289 92
284 97
283 97
273 107
273 108
270 111
270 112
267 115
267 116
265 118
265 119
264 120
264 121
263 122
263 123
262 124
262 125
261 126
261 127
260 128
260 129
259 130
259 132
258 133
258 134
257 135
257 138
256 139
256 141
255 142
255 144
254 145
254 148
253 149
253 152
252 153
252 156
251 157
251 161
250 162
250 184
249 185
249 192
248 193
248 196
247 197
247 199
246 200
246 202
245 203
245 204
244 205
244 207
243 208
243 209
242 210
242 211
241 212
241 213
240 214
240 215
238 217
238 218
237 219
237 220
236 221
236 222
235 223
235 224
234 225
234 226
233 227
233 228
232 229
232 230
231 231
231 232
230 233
230 234
229 235
229 236
228 237
228 238
227 239
227 240
226 241
226 243
225 244
225 246
224 247
224 249
223 250
223 252
222 253
222 255
221 256
221 262
220 263
220 265
221 266
221 271
222 272
222 275
223 276
223 278
224 279
224 280
226 282
226 283
227 284
227 285
235 293
236 293
237 294
238 294
239 295
241 295
242 296
245 296
246 297
250 297
251 298
254 298
255 299
257 299
258 300
261 300
262 301
264 301
265 302
268 302
276 310
277 310
278 311
279 311
281 313
283 313
284 314
285 314
286 315
288 315
289 316
291 316
292 317
296 317
297 318
311 318
312 317
315 317
316 316
317 316
320 313
320 312
321 311
320 310
320 309
318 309
317 310
316 310
314 312
312 312
311 313
298 313
297 312
294 312
293 311
290 311
289 310
288 310
287 309
286 309
285 308
284 308
283 307
282 307
281 306
280 306
278 304
277 304
273 300
273 299
270 296
270 295
268 293
268 292
267 291
267 289
266 288
266 287
265 286
265 283
264 282
264 278
263 277
263 275
260 275
260 281
261 282
261 286
262 287
262 290
263 291
263 293
264 294
264 295
263 296
261 296
260 295
257 295
256 294
254 294
253 293
249 293
248 292
246 292
245 291
243 291
242 290
241 290
240 289
239 289
237 287
236 287
233 284
233 283
230 280
230 279
229 278
229 277
228 276
228 275
227 274
227 272
226 271
226 265
225 264
225 263
226 262
226 256
227 255
227 253
228 252
228 250
229 249
229 247
230 246
230 245
231 244
231 243
232 242
232 241
233 240
233 239
234 238
234 237
235 236
235 235
236 234
236 233
237 232
237 231
238 230
238 229
239 228
239 226
241 224
241 223
242 222
242 221
243 220
243 219
244 218
244 217
245 216
245 215
246 214
246 213
247 212
247 211
248 210
248 208
249 207
249 206
250 205
250 203
251 202
251 200
252 199
252 196
253 195
253 190
254 189
254 165
255 164
255 159
256 158
256 155
257 154
257 151
258 150
258 147
259 146
259 144
260 143
260 140
261 139
261 137
262 136
262 134
263 133
263 132
264 131
264 130
265 129
265 128
266 127
266 126
267 125
267 124
269 122
269 121
271 119
271 118
273 116
273 115
276 112
276 111
288 99
289 99
293 95
294 95
298 91
299 91
302 88
303 88
305 86
306 86
308 84
309 84
310 83
311 83
312 82
313 82
314 81
315 81
317 79
318 79
319 78
320 78
321 77
323 77
324 76
325 76
326 75
327 75
328 74
330 74
331 73
333 73
334 72
335 72
336 71
339 71
340 70
342 70
343 69
345 69
346 68
348 68
349 67
351 67
352 66
355 66
356 65
359 65
360 64
362 64
363 63
370 63
371 62
379 62
380 61
389 61
390 60
394 60
394 59
392 57
392 56
393 55
395 57
397 57
397 53
396 52
396 51
394 49
