377 327
376 328
376 333
374 335
374 336
373 337
373 338
372 339
372 340
373 341
373 342
376 342
379 339
379 338
381 336
383 336
384 337
385 337
386 338
386 347
388 347
389 346
390 346
390 345
391 344
391 341
393 339
394 340
399 340
400 341
401 341
402 342
402 347
403 348
403 349
404 349
405 350
406 350
407 349
407 342
409 340
413 340
414 339
417 339
418 340
418 341
419 342
419 344
420 345
420 346
421 347
421 348
424 348
425 347
425 343
424 342
424 341
423 340
423 338
425 336
426 336
427 337
428 337
429 338
429 339
432 342
435 342
435 337
432 334
432 333
433 332
433 331
434 330
434 327
430 327
429 328
428 328
427 329
425 329
423 331
422 331
421 332
420 332
419 333
416 333
415 334
412 334
411 335
396 335
395 334
392 334
391 333
388 333
387 332
386 332
385 331
384 331
380 327
