393 49
391 51
391 52
392 53
392 54
393 55
392 54
392 53
391 52
391 51
393 49
396 52
396 53
397 54
397 56
396 57
395 57
392 60
387 60
386 61
379 61
378 62
371 62
370 63
363 63
362 64
359 64
358 65
355 65
354 66
352 66
351 67
349 67
348 68
345 68
344 69
342 69
341 70
339 70
338 71
336 71
335 72
333 72
332 73
331 73
330 74
328 74
327 75
326 75
325 76
323 76
322 77
321 77
320 78
319 78
318 79
317 79
316 80
315 80
314 81
313 81
311 83
310 83
309 84
308 84
307 85
306 85
304 87
303 87
301 89
300 89
297 92
296 92
293 95
292 95
286 101
285 101
277 109
277 110
274 113
274 114
272 116
272 117
270 119
270 120
268 122
268 123
267 124
267 125
266 126
266 127
265 128
265 129
264 130
264 131
263 132
263 133
262 134
262 136
261 137
261 139
260 140
260 142
259 143
259 145
258 146
258 149
257 150
257 153
256 154
256 157
255 158
255 163
254 164
254 187
253 188
253 194
252 195
252 198
251 199
251 201
250 202
250 204
249 205
249 207
248 208
248 209
247 210
247 212
246 213
246 214
245 215
245 216
244 217
244 218
242 220
242 221
241 222
241 223
240 224
240 225
239 226
239 227
238 228
238 229
237 230
237 231
236 232
236 233
235 234
235 235
234 236
234 237
233 238
233 239
232 240
232 242
231 243
231 244
230 245
230 246
229 247
229 249
228 250
228 251
227 252
227 254
226 255
226 259
225 260
225 268
226 269
226 272
227 273
227 274
228 275
228 276
229 277
229 278
230 279
230 280
231 281
231 282
237 288
238 288
239 289
240 289
241 290
242 290
243 291
246 291
247 292
250 292
251 293
253 293
254 294
257 294
258 295
261 295
262 296
261 295
258 295
257 294
254 294
253 293
251 293
250 292
247 292
246 291
243 291
242 290
241 290
240 289
239 289
230 280
230 279
229 278
229 277
228 276
228 275
227 274
227 273
226 272
226 269
225 268
225 260
226 259
226 255
227 254
227 252
228 251
228 250
229 249
229 247
230 246
230 245
231 244
231 243
232 242
232 240
233 239
233 238
234 237
234 236
235 235
235 234
237 232
237 230
238 229
238 228
239 227
239 226
240 225
240 224
241 223
241 222
243 220
243 219
244 218
244 217
245 216
245 215
246 214
246 213
247 212
247 210
248 209
248 208
249 207
249 205
250 204
250 202
251 201
251 199
252 198
252 195
253 194
253 188
254 187
254 164
255 163
255 158
256 157
256 154
257 153
257 150
258 149
258 146
259 145
259 143
260 142
260 140
261 139
261 137
262 136
262 134
263 133
263 132
264 131
264 130
265 129
265 128
266 127
266 126
267 125
267 124
269 122
269 121
271 119
271 118
273 116
273 115
276 112
276 111
287 100
288 100
294 94
295 94
298 91
299 91
302 88
303 88
305 86
306 86
308 84
309 84
310 83
311 83
312 82
313 82
315 80
316 80
317 79
318 79
319 78
320 78
321 77
322 77
323 76
325 76
326 75
327 75
328 74
330 74
331 73
332 73
333 72
335 72
336 71
338 71
339 70
341 70
342 69
344 69
345 68
348 68
349 67
351 67
352 66
354 66
355 65
358 65
359 64
362 64
363 63
370 63
371 62
378 62
379 61
386 61
387 60
393 60
393 59
395 57
397 57
397 54
396 53
396 51
395 50
394 50
