378 56
377 57
369 57
368 58
364 58
363 59
361 59
360 60
358 60
357 61
355 61
354 62
351 62
350 63
348 63
347 64
345 64
344 65
341 65
340 66
338 66
337 67
336 67
335 68
333 68
332 69
330 69
329 70
328 70
327 71
325 71
324 72
323 72
322 73
321 73
320 74
319 74
318 75
317 75
316 76
315 76
314 77
313 77
312 78
311 78
310 79
309 79
308 80
307 80
305 82
304 82
303 83
302 83
300 85
299 85
297 87
296 87
294 89
293 89
290 92
289 92
284 97
283 97
273 107
273 108
270 111
270 112
268 114
268 115
266 117
266 118
264 120
264 121
263 122
263 123
262 124
262 125
261 126
261 127
260 128
260 129
259 130
259 131
258 132
258 134
257 135
257 136
256 137
256 140
255 141
255 143
254 144
254 147
253 148
253 151
252 152
252 155
251 156
251 159
250 160
250 165
249 166
249 189
248 190
248 195
247 196
247 198
246 199
246 202
245 203
245 204
244 205
244 207
243 208
243 209
242 210
242 211
241 212
241 213
240 214
240 215
239 216
239 217
238 218
238 219
236 221
236 222
235 223
235 224
234 225
234 226
233 227
233 228
232 229
232 230
231 231
231 232
230 233
230 234
229 235
229 237
228 238
228 239
227 240
227 241
226 242
226 243
225 244
225 245
224 246
224 248
223 249
223 251
222 252
222 254
221 255
221 259
220 260
220 267
221 268
221 272
222 273
222 275
223 276
223 277
224 278
224 279
225 280
225 281
226 282
226 283
227 284
227 285
234 292
235 292
236 293
237 293
238 294
239 294
240 295
242 295
243 296
246 296
247 297
250 297
251 298
254 298
255 299
258 299
259 300
261 300
262 301
265 301
266 302
268 302
275 309
276 309
278 311
279 311
280 312
281 312
282 313
283 313
284 314
285 314
286 315
288 315
289 316
292 316
293 317
297 317
298 318
310 318
311 317
314 317
315 316
316 316
317 315
318 315
320 313
320 310
319 309
318 309
317 310
316 310
315 311
314 311
313 312
295 312
294 311
291 311
290 310
288 310
287 309
286 309
285 308
283 308
281 306
280 306
278 304
277 304
273 300
273 299
270 296
270 295
268 293
268 292
267 291
267 290
266 289
266 287
265 286
265 284
264 283
264 279
263 278
263 275
262 274
261 275
260 275
260 276
259 277
259 278
260 279
260 283
261 284
261 288
262 289
262 291
263 292
263 293
264 294
263 293
263 292
262 291
262 289
261 288
261 284
260 283
260 279
259 278
259 277
262 274
263 275
263 278
264 279
264 283
265 284
265 286
266 287
266 289
267 290
267 291
268 292
268 293
269 294
269 295
271 297
271 298
274 301
274 302
275 303
276 303
278 305
279 305
281 307
282 307
283 308
285 308
286 309
287 309
288 310
290 310
291 311
294 311
295 312
313 312
314 311
316 311
318 309
319 309
320 310
320 312
316 316
315 316
314 317
311 317
310 318
298 318
297 317
293 317
292 316
289 316
288 315
286 315
285 314
284 314
283 313
282 313
281 312
280 312
278 310
277 310
270 303
269 303
268 302
266 302
265 301
262 301
261 300
259 300
258 299
255 299
254 298
251 298
250 297
247 297
246 296
243 296
242 295
240 295
239 294
238 294
237 293
236 293
226 283
226 282
225 281
225 280
224 279
224 278
223 277
223 276
222 275
222 273
221 272
221 268
220 267
220 260
221 259
221 255
222 254
222 252
223 251
223 249
224 248
224 246
225 245
225 244
226 243
226 242
227 241
227 240
228 239
228 238
229 237
229 235
230 234
230 233
231 232
231 231
232 230
232 229
233 228
233 227
234 226
234 225
235 224
235 223
237 221
237 220
238 219
238 218
239 217
239 216
240 215
240 214
241 213
241 212
242 211
242 210
243 209
243 208
244 207
244 205
245 204
245 203
246 202
246 199
247 198
247 196
248 195
248 190
249 189
249 166
250 165
250 160
251 159
251 156
252 155
252 152
253 151
253 148
254 147
254 144
255 143
255 141
256 140
256 137
257 136
257 135
258 134
258 132
259 131
259 130
260 129
260 128
261 127
261 126
262 125
262 124
263 123
263 122
265 120
265 119
267 117
267 116
269 114
269 113
272 110
272 109
285 96
286 96
291 91
292 91
295 88
296 88
298 86
299 86
301 84
302 84
304 82
305 82
306 81
307 81
309 79
310 79
311 78
312 78
313 77
314 77
315 76
316 76
317 75
318 75
319 74
320 74
321 73
322 73
323 72
324 72
325 71
327 71
328 70
329 70
330 69
332 69
333 68
335 68
336 67
337 67
338 66
340 66
341 65
344 65
345 64
347 64
348 63
350 63
351 62
354 62
355 61
357 61
358 60
360 60
361 59
363 59
364 58
368 58
369 57
377 57
378 56
391 56
