308 328
307 329
306 329
305 330
304 330
304 331
303 332
303 334
304 335
304 336
305 337
305 338
306 339
306 340
307 341
307 342
308 343
308 344
311 347
311 350
310 351
310 352
309 353
309 354
308 355
308 358
309 359
309 360
310 361
310 362
311 362
312 363
313 363
314 364
316 364
317 365
317 369
318 370
318 375
319 376
319 379
320 380
320 382
321 383
321 384
322 385
322 386
323 387
323 388
326 391
327 391
328 392
334 392
335 391
337 391
339 389
340 389
340 388
342 386
342 382
341 381
340 382
339 382
339 383
337 385
336 385
335 386
329 386
327 384
327 383
326 382
326 381
325 380
325 378
324 377
324 374
323 373
323 369
322 368
322 366
325 363
325 362
326 361
326 360
327 359
327 353
326 352
326 351
325 351
324 350
323 350
322 349
320 349
318 351
317 350
317 347
316 346
316 345
314 343
314 342
311 339
311 338
309 336
310 335
311 335
312 336
313 336
317 340
317 341
318 342
318 343
319 344
319 345
322 345
322 334
324 332
323 332
323 333
322 334
322 344
321 345
320 345
318 343
318 341
316 339
316 338
315 337
314 337
313 336
312 336
311 335
309 335
309 336
311 338
311 339
312 340
312 341
315 344
315 345
317 347
317 350
316 351
316 352
314 354
314 355
313 356
313 357
315 359
317 359
318 360
320 360
322 358
322 354
321 354
320 353
319 353
318 352
318 351
320 349
322 349
323 350
324 350
327 353
327 359
326 360
326 361
325 362
325 363
324 364
323 364
323 365
322 366
322 368
323 369
323 373
324 374
324 377
325 378
325 380
326 381
326 382
327 383
327 384
328 385
328 386
336 386
341 381
342 382
342 385
341 386
341 387
338 390
337 390
336 391
335 391
334 392
328 392
322 386
322 385
321 384
321 383
320 382
320 380
319 379
319 376
318 375
318 370
317 369
317 365
316 364
314 364
313 363
312 363
309 360
309 359
308 358
308 355
309 354
309 353
311 351
311 347
310 346
310 345
307 342
307 341
306 340
306 339
305 338
305 337
304 336
304 335
303 334
303 332
306 329
307 329
308 328
309 329
311 329
312 330
313 330
315 332
316 332
317 333
315 331
314 331
313 330
312 330
311 329
309 329
