273 158
272 159
272 161
271 162
271 171
272 172
272 174
273 175
273 176
272 177
271 177
270 178
268 178
267 179
266 179
264 181
264 185
266 187
268 187
269 188
283 188
284 189
284 190
286 192
286 193
288 195
288 196
290 198
289 199
280 199
278 201
278 205
279 206
279 207
280 207
281 208
282 208
283 209
286 209
287 210
291 210
292 209
294 209
297 212
297 213
298 214
298 216
299 217
301 217
301 212
300 211
300 209
299 208
299 206
298 205
298 204
297 203
297 201
295 199
295 198
298 195
298 193
299 192
299 182
298 181
297 181
296 180
294 180
293 181
292 181
288 185
287 185
286 184
286 183
282 179
282 170
283 169
282 168
282 163
281 162
281 160
279 158
