317 251
316 252
313 252
312 253
310 253
309 254
308 254
302 260
302 261
309 254
310 254
311 253
312 253
313 252
316 252
317 251
327 251
328 252
330 252
331 253
333 253
334 254
335 254
338 257
339 257
344 262
344 263
346 265
346 266
347 267
347 268
348 269
348 271
349 272
349 276
350 277
350 283
349 284
349 287
348 288
348 290
345 293
346 293
348 291
348 289
349 288
349 284
350 283
350 277
349 276
349 272
348 271
348 268
347 267
347 266
346 265
346 264
344 262
344 261
340 257
339 257
336 254
334 254
333 253
331 253
330 252
328 252
327 251
