407 56
405 58
404 58
404 60
405 60
406 61
412 61
413 62
415 62
416 63
426 63
427 64
438 64
439 65
444 65
445 66
449 66
450 67
452 67
453 68
455 68
456 69
458 69
459 70
461 70
462 71
463 71
464 72
466 72
467 73
468 73
469 74
470 74
471 75
472 75
473 76
474 76
476 78
477 78
478 79
479 79
481 81
482 81
484 83
485 83
488 86
489 86
495 92
496 92
504 100
504 101
510 107
510 108
515 113
515 114
517 116
517 117
519 119
519 120
521 122
521 123
522 124
522 125
524 127
524 128
525 129
525 130
526 131
526 132
527 133
527 134
528 135
528 136
529 137
529 138
530 139
530 140
531 141
531 142
532 143
532 145
533 146
533 148
534 149
534 151
535 152
535 155
536 156
536 159
537 160
537 163
538 164
538 169
539 170
539 175
540 176
540 185
541 186
541 200
542 201
542 212
543 213
543 220
544 221
544 228
545 229
545 235
546 236
546 243
547 244
547 250
548 251
548 260
549 261
549 275
548 276
548 281
547 282
547 285
546 286
546 287
545 288
545 289
544 290
544 291
543 292
543 293
541 295
541 296
539 298
539 299
528 310
527 310
524 313
523 313
521 315
520 315
519 316
517 316
516 317
515 317
514 318
511 318
510 319
506 319
510 319
511 318
514 318
515 317
516 317
517 316
519 316
520 315
521 315
522 314
523 314
525 312
526 312
529 309
530 309
538 301
538 300
540 298
540 297
542 295
542 294
544 292
544 290
545 289
545 288
546 287
546 286
547 285
547 282
548 281
548 276
549 275
549 261
548 260
548 251
547 250
547 244
546 243
546 236
545 235
545 229
544 228
544 221
543 220
543 213
542 212
542 201
541 200
541 186
540 185
540 176
539 175
539 170
538 169
538 164
537 163
537 160
536 159
536 156
535 155
535 152
534 151
534 149
533 148
533 146
532 145
532 143
531 142
531 141
530 140
530 139
529 138
529 137
528 136
528 134
526 132
526 131
525 130
525 129
524 128
524 127
523 126
523 125
521 123
521 122
520 121
520 120
518 118
518 117
516 115
516 114
514 112
514 111
509 106
509 105
501 97
501 96
498 93
497 93
491 87
490 87
487 84
486 84
484 82
483 82
481 80
480 80
479 79
478 79
476 77
475 77
474 76
473 76
472 75
471 75
470 74
469 74
468 73
467 73
466 72
464 72
463 71
462 71
461 70
459 70
458 69
456 69
455 68
453 68
452 67
450 67
449 66
445 66
444 65
439 65
438 64
427 64
426 63
416 63
415 62
413 62
412 61
406 61
404 59
407 56
423 56
424 57
428 57
429 58
432 58
433 59
436 59
437 60
443 60
444 61
448 61
449 62
452 62
453 63
456 63
457 64
458 64
459 65
461 65
462 66
464 66
465 67
466 67
467 68
468 68
469 69
470 69
471 70
473 70
474 71
475 71
477 73
478 73
479 74
480 74
482 76
483 76
485 78
486 78
488 80
489 80
493 84
494 84
512 102
512 103
516 107
516 108
519 111
519 112
521 114
521 115
523 117
523 118
524 119
524 120
526 122
526 123
527 124
527 125
529 127
529 128
530 129
530 130
531 131
531 132
532 133
532 135
533 136
533 137
534 138
534 139
535 140
535 142
536 143
536 144
537 145
537 147
538 148
538 150
539 151
539 153
540 154
540 156
541 157
541 160
542 161
542 164
543 165
543 168
544 169
544 174
545 175
545 184
546 185
546 200
547 201
547 211
548 212
548 220
549 221
549 228
550 229
550 235
551 236
551 241
552 242
552 249
553 250
553 259
554 260
554 277
553 278
553 283
552 284
552 286
551 287
551 289
550 290
550 291
549 292
549 293
548 294
548 295
546 297
546 298
544 300
544 301
531 314
530 314
527 317
526 317
525 318
524 318
523 319
522 319
521 320
520 320
519 321
517 321
516 322
513 322
512 323
502 323
501 324
500 324
495 329
496 329
497 330
496 331
497 330
498 330
500 332
500 339
499 340
499 341
498 342
499 343
501 343
502 342
506 342
508 344
508 346
507 347
507 348
501 354
500 354
497 357
496 357
494 359
491 359
490 358
489 358
488 357
486 357
485 358
484 358
482 360
482 361
481 362
482 363
482 364
483 365
483 366
485 366
486 367
488 367
489 366
489 365
490 364
490 363
492 361
493 361
494 362
494 364
493 365
493 367
492 368
492 369
491 370
491 372
489 374
489 375
488 376
488 377
487 378
487 379
484 382
484 383
477 390
476 390
475 391
468 391
467 390
466 390
464 388
463 388
459 384
459 383
457 381
459 379
460 379
462 381
463 381
467 385
475 385
482 378
482 377
484 375
484 374
485 373
483 375
483 376
474 385
468 385
465 382
464 382
461 379
458 379
458 380
457 381
458 382
458 383
460 385
460 386
461 387
462 387
465 390
467 390
468 391
475 391
476 390
477 390
478 389
479 389
483 385
483 384
486 381
486 380
487 379
487 378
488 377
488 376
490 374
490 373
491 372
491 370
492 369
492 368
493 367
493 365
494 364
494 361
492 361
491 360
492 359
494 359
495 358
496 358
498 356
499 356
502 353
503 353
506 350
506 349
508 347
508 343
507 343
506 342
502 342
501 343
499 343
498 342
499 341
499 340
500 339
500 331
499 331
498 330
497 330
496 329
502 323
512 323
513 322
516 322
517 321
519 321
520 320
521 320
522 319
524 319
526 317
527 317
528 316
529 316
532 313
533 313
543 303
543 302
545 300
545 299
547 297
547 296
548 295
548 294
549 293
549 292
550 291
550 290
551 289
551 287
552 286
552 284
553 283
553 278
554 277
554 260
553 259
553 250
552 249
552 242
551 241
551 236
550 235
550 229
549 228
549 221
548 220
548 212
547 211
547 201
546 200
546 185
545 184
545 175
544 174
544 169
543 168
543 165
542 164
542 161
541 160
541 157
540 156
540 154
539 153
539 151
538 150
538 148
537 147
537 145
536 144
536 143
535 142
535 140
534 139
534 138
533 137
533 136
532 135
532 133
531 132
531 131
530 130
530 129
529 128
529 127
528 126
528 125
526 123
526 122
525 121
525 120
523 118
523 117
522 116
522 115
520 113
520 112
518 110
518 109
515 106
515 105
511 101
511 100
496 85
495 85
491 81
490 81
488 79
487 79
485 77
484 77
482 75
481 75
480 74
479 74
477 72
476 72
475 71
474 71
473 70
471 70
470 69
469 69
468 68
467 68
466 67
465 67
464 66
462 66
461 65
459 65
458 64
457 64
456 63
453 63
452 62
449 62
448 61
444 61
443 60
437 60
436 59
433 59
432 58
429 58
428 57
424 57
423 56
