382 147
382 148
381 149
381 156
382 157
382 160
383 161
383 164
384 165
384 167
385 168
385 169
386 170
386 172
387 173
387 174
388 175
388 176
390 178
390 179
392 181
392 182
394 184
394 185
397 188
398 188
401 191
402 191
404 193
405 193
406 194
407 194
408 195
410 195
411 196
413 196
414 197
418 197
418 194
417 194
416 193
414 193
413 192
412 192
411 191
409 191
407 189
406 189
395 178
395 177
394 176
394 175
392 173
392 172
391 171
391 170
390 169
390 168
389 167
389 165
388 164
388 162
387 161
387 159
386 158
386 155
385 154
385 147
