510 239
509 240
501 240
500 241
495 241
494 242
493 242
492 243
491 243
490 244
490 247
495 247
496 246
503 246
504 245
516 245
504 245
503 246
496 246
495 247
491 247
490 246
490 245
493 242
494 242
495 241
500 241
501 240
509 240
510 239
518 239
519 240
521 240
522 241
523 241
525 243
525 246
524 247
524 248
518 254
517 254
514 257
513 257
510 260
509 260
508 261
507 261
505 263
504 263
503 264
502 264
502 265
501 266
501 267
499 269
499 270
497 272
497 273
494 276
494 277
490 281
490 282
485 287
484 287
480 291
479 291
477 293
476 293
474 295
473 295
472 296
471 296
470 297
468 297
467 298
466 298
465 299
464 299
463 300
461 300
460 301
458 301
457 302
455 302
454 303
452 303
451 304
448 304
447 305
443 305
442 306
438 306
437 307
433 307
432 308
427 308
426 309
423 309
422 310
421 310
421 311
420 312
420 313
421 314
422 314
423 315
425 315
426 316
428 316
429 317
431 317
432 318
433 318
434 319
436 319
437 320
438 320
439 321
440 321
441 322
442 322
444 324
445 324
446 325
447 325
449 327
450 327
451 328
452 328
454 330
455 330
457 332
458 332
460 334
461 334
463 336
464 336
468 340
469 340
473 344
474 344
478 348
480 348
482 346
482 345
483 344
483 343
494 332
493 333
492 333
484 341
484 342
483 343
483 344
481 346
481 347
480 348
479 348
476 345
475 345
471 341
470 341
466 337
465 337
463 335
462 335
460 333
459 333
457 331
456 331
454 329
453 329
452 328
451 328
449 326
448 326
447 325
446 325
444 323
443 323
442 322
441 322
440 321
439 321
438 320
437 320
436 319
434 319
433 318
432 318
431 317
429 317
428 316
426 316
425 315
423 315
422 314
421 314
420 313
420 312
423 309
426 309
427 308
432 308
433 307
437 307
438 306
442 306
443 305
447 305
448 304
451 304
452 303
454 303
455 302
457 302
458 301
460 301
461 300
463 300
464 299
465 299
466 298
467 298
468 297
470 297
471 296
472 296
473 295
474 295
475 294
476 294
478 292
479 292
481 290
482 290
486 286
487 286
489 284
489 283
493 279
493 278
496 275
496 274
498 272
498 271
500 269
500 268
501 267
501 266
504 263
505 263
506 262
507 262
509 260
510 260
511 259
512 259
515 256
516 256
519 253
520 253
523 250
523 249
524 248
524 247
525 246
525 243
523 241
522 241
521 240
519 240
518 239
