463 259
462 260
460 260
457 263
456 263
451 268
451 269
449 271
449 272
448 273
448 275
447 276
447 277
446 278
446 280
445 281
445 290
446 291
446 293
447 294
447 295
448 296
447 295
447 293
446 292
446 291
445 290
445 281
446 280
446 279
447 278
447 276
448 275
448 274
449 273
449 272
451 270
451 269
458 262
459 262
461 260
462 260
463 259
475 259
476 260
479 260
481 262
482 262
484 264
485 264
488 267
489 267
490 268
490 269
491 269
486 264
485 264
483 262
482 262
481 261
480 261
479 260
476 260
475 259
