408 56
407 57
406 57
404 59
404 60
405 61
412 61
413 62
415 62
416 63
422 63
423 64
436 64
437 65
443 65
444 66
448 66
449 67
452 67
453 68
455 68
456 69
458 69
459 70
461 70
462 71
463 71
464 72
466 72
468 74
469 74
470 75
471 75
472 76
473 76
474 77
475 77
476 78
477 78
478 79
479 79
481 81
482 81
484 83
485 83
488 86
489 86
494 91
495 91
504 100
504 101
511 108
511 109
514 112
514 113
516 115
516 116
519 119
519 120
521 122
521 123
522 124
522 125
524 127
524 128
525 129
525 130
526 131
526 132
527 133
527 134
528 135
528 136
529 137
529 138
530 139
530 140
531 141
531 143
532 144
532 145
533 146
533 148
534 149
534 150
535 151
535 154
536 155
536 157
537 158
537 162
538 163
538 167
539 168
539 173
540 174
540 180
541 181
541 194
542 195
542 205
543 206
543 215
544 216
544 224
545 225
545 232
546 233
546 239
547 240
547 247
548 248
548 256
549 257
549 278
548 279
548 282
547 283
547 285
546 286
546 287
545 288
545 289
544 290
544 291
543 292
543 293
541 295
541 296
539 298
539 299
528 310
527 310
524 313
523 313
521 315
520 315
519 316
517 316
515 318
512 318
511 319
508 319
507 320
505 320
504 319
504 317
505 316
505 313
506 312
506 303
505 302
505 299
502 299
502 309
501 310
501 314
500 315
500 316
499 317
499 318
491 326
490 326
489 327
488 327
487 328
486 328
485 329
482 329
481 330
471 330
470 329
465 329
464 328
463 328
462 329
462 331
463 332
465 332
466 333
469 333
470 334
484 334
485 333
488 333
489 332
490 332
491 331
492 331
493 330
494 330
495 329
496 329
501 324
507 324
508 323
513 323
514 322
516 322
517 321
519 321
520 320
522 320
523 319
524 319
525 318
526 318
528 316
529 316
532 313
533 313
543 303
543 302
545 300
545 299
547 297
547 296
548 295
548 294
549 293
549 292
550 291
550 290
551 289
551 287
552 286
552 284
553 283
553 280
554 279
554 256
553 255
553 248
552 247
552 241
551 240
551 234
550 233
550 227
549 226
549 219
548 218
548 208
547 207
547 189
546 188
546 180
545 179
545 172
544 171
544 168
543 167
543 165
542 164
542 160
541 159
541 157
540 156
540 154
539 153
539 151
538 150
538 148
537 147
537 145
536 144
536 142
535 141
535 140
534 139
534 137
532 135
532 133
531 132
531 131
530 130
530 129
529 128
529 127
528 126
528 125
527 124
527 123
525 121
525 120
524 119
524 118
522 116
522 115
520 113
520 112
518 110
518 109
515 106
515 105
510 100
510 99
496 85
495 85
491 81
490 81
487 78
486 78
485 77
484 77
482 75
481 75
480 74
479 74
477 72
476 72
475 71
474 71
473 70
472 70
471 69
470 69
469 68
467 68
466 67
464 67
463 66
461 66
460 65
459 65
458 64
456 64
455 63
452 63
451 62
447 62
446 61
442 61
441 60
436 60
435 59
432 59
431 58
427 58
426 57
417 57
416 56
