429 321
428 322
427 322
424 325
423 325
422 326
420 326
419 327
417 327
416 328
412 328
411 329
397 329
396 328
392 328
391 327
388 327
387 326
386 326
385 325
384 325
382 323
381 323
380 322
379 322
378 323
377 323
376 324
375 324
374 325
373 325
372 326
371 326
369 328
368 328
367 329
366 329
365 330
364 330
362 332
361 332
359 334
358 334
357 335
356 335
354 337
353 337
350 340
349 340
345 344
344 344
342 346
342 347
337 352
336 352
336 356
337 357
337 359
338 360
338 364
337 365
336 365
333 362
333 360
332 359
332 358
331 357
331 355
330 354
330 353
329 352
329 351
328 350
328 349
327 348
327 347
325 345
325 344
325 345
326 346
326 347
328 349
328 350
329 351
329 352
330 353
330 354
331 355
331 357
332 358
332 359
333 360
333 362
334 363
334 364
335 365
338 365
338 360
337 359
337 357
336 356
336 353
340 349
341 349
341 348
346 343
347 343
351 339
352 339
355 336
356 336
358 334
359 334
360 333
361 333
363 331
364 331
366 329
367 329
368 328
369 328
370 327
371 327
373 325
374 325
375 324
376 324
377 323
378 323
379 322
380 322
382 324
383 324
384 325
385 325
386 326
387 326
388 327
391 327
392 328
396 328
397 329
411 329
412 328
416 328
417 327
419 327
420 326
422 326
423 325
424 325
425 324
426 324
429 321
430 322
431 322
432 323
433 323
434 324
435 324
436 325
438 325
440 327
441 327
442 328
443 328
444 329
445 329
446 330
447 330
449 332
450 332
451 333
452 333
453 334
454 334
456 336
457 336
459 338
460 338
465 343
466 343
472 349
473 349
475 351
475 353
464 364
464 365
463 366
464 367
464 368
467 368
476 359
477 360
477 365
478 366
478 367
479 368
479 369
480 370
481 370
482 371
485 371
482 371
478 367
478 366
477 365
477 360
476 359
477 358
476 358
466 368
465 368
463 366
475 354
475 350
474 350
468 344
467 344
462 339
461 339
459 337
458 337
456 335
455 335
454 334
453 334
452 333
451 333
449 331
448 331
447 330
446 330
445 329
444 329
443 328
442 328
440 326
439 326
438 325
436 325
435 324
434 324
433 323
432 323
431 322
430 322
