271 232
270 233
268 233
267 234
266 234
264 236
264 237
263 238
263 240
264 241
264 243
265 244
265 245
272 252
273 252
274 253
275 253
277 255
278 255
279 256
280 256
281 257
282 257
283 258
284 258
285 259
286 259
287 260
289 260
290 261
291 261
292 262
293 262
298 267
298 268
299 269
299 270
303 274
303 275
312 284
313 284
316 287
317 287
319 289
320 289
322 291
323 291
324 292
325 292
327 294
328 294
329 295
330 295
331 296
333 296
334 297
335 297
336 298
338 298
339 299
340 299
341 300
343 300
344 301
347 301
348 302
350 302
351 303
355 303
356 304
360 304
361 305
366 305
367 306
374 306
375 307
382 307
384 309
385 309
387 311
387 313
386 314
384 314
383 315
381 315
380 316
379 316
378 317
377 317
376 318
375 318
374 319
373 319
371 321
370 321
369 322
368 322
367 323
366 323
364 325
363 325
361 327
360 327
358 329
357 329
355 331
354 331
351 334
350 334
347 337
346 337
334 349
331 346
331 345
329 343
329 329
328 328
328 326
327 325
326 325
325 324
324 324
323 325
322 325
321 326
321 327
320 328
320 329
319 330
319 331
319 330
320 329
320 328
324 324
325 324
328 327
328 328
329 329
329 343
330 344
330 345
332 347
332 348
333 349
335 349
348 336
349 336
352 333
353 333
356 330
357 330
359 328
360 328
362 326
363 326
365 324
366 324
368 322
369 322
370 321
371 321
372 320
373 320
375 318
376 318
377 317
378 317
379 316
380 316
381 315
383 315
384 314
386 314
387 313
387 310
386 310
384 308
383 308
382 307
375 307
374 306
367 306
366 305
361 305
360 304
356 304
355 303
351 303
350 302
348 302
347 301
344 301
343 300
341 300
340 299
339 299
338 298
336 298
335 297
334 297
333 296
331 296
330 295
329 295
327 293
326 293
325 292
324 292
322 290
321 290
319 288
318 288
315 285
314 285
302 273
302 272
298 268
298 267
297 266
297 265
295 263
294 263
293 262
292 262
291 261
290 261
289 260
287 260
286 259
285 259
284 258
283 258
282 257
281 257
280 256
279 256
277 254
276 254
275 253
274 253
264 243
264 241
263 240
263 238
268 233
270 233
271 232
276 232
277 233
280 233
281 234
284 234
285 235
286 235
287 236
289 236
290 237
291 237
293 239
294 239
297 242
297 244
296 245
294 245
293 244
292 244
291 243
290 243
289 242
288 242
287 241
286 241
285 240
284 240
283 239
281 239
280 238
277 238
276 237
270 237
269 238
268 238
268 241
269 242
269 243
273 247
274 247
276 249
277 249
279 251
280 251
281 252
282 252
283 253
284 253
285 254
286 254
287 255
289 255
290 256
291 256
292 257
293 257
294 258
295 258
296 259
297 259
302 264
302 265
305 268
305 269
316 280
317 280
320 283
321 283
323 285
324 285
325 286
326 286
328 288
329 288
330 289
331 289
332 290
333 290
334 291
336 291
337 292
338 292
339 293
340 293
341 294
342 294
343 295
345 295
346 296
348 296
349 297
351 297
352 298
354 298
355 299
358 299
359 300
363 300
364 301
368 301
369 302
377 302
378 303
384 303
385 304
389 304
392 307
392 314
391 315
391 316
389 318
388 318
387 319
386 319
386 320
387 321
389 321
390 322
393 322
394 323
414 323
415 322
419 322
420 321
421 321
420 321
419 322
415 322
414 323
394 323
393 322
390 322
389 321
387 321
386 320
388 318
389 318
390 317
391 317
391 315
392 314
392 307
391 306
391 305
390 305
389 304
385 304
384 303
378 303
377 302
369 302
368 301
364 301
363 300
359 300
358 299
355 299
354 298
352 298
351 297
349 297
348 296
346 296
345 295
343 295
342 294
341 294
340 293
339 293
338 292
337 292
336 291
334 291
333 290
332 290
331 289
330 289
328 287
327 287
326 286
325 286
323 284
322 284
319 281
318 281
304 267
304 266
301 263
301 262
299 260
298 260
297 259
296 259
295 258
294 258
293 257
292 257
291 256
290 256
289 255
287 255
286 254
285 254
284 253
283 253
282 252
281 252
279 250
278 250
276 248
275 248
268 241
268 239
270 237
276 237
277 238
280 238
281 239
283 239
284 240
285 240
286 241
287 241
288 242
289 242
290 243
291 243
293 245
297 245
297 241
296 240
295 240
293 238
292 238
291 237
290 237
289 236
287 236
286 235
285 235
284 234
281 234
280 233
277 233
276 232
