511 174
510 175
509 175
509 176
508 177
508 180
507 181
507 183
508 184
508 189
509 190
509 191
510 192
510 196
506 200
506 201
504 203
504 204
503 205
502 204
502 203
501 202
501 199
499 197
499 196
498 196
497 195
492 195
491 196
491 197
490 198
490 206
491 207
491 208
492 209
492 211
495 214
495 215
496 216
496 217
495 218
495 219
494 220
494 222
493 223
493 225
494 226
496 226
498 224
498 223
499 222
499 221
500 220
500 219
501 218
501 217
503 215
503 214
504 213
508 213
509 214
519 214
520 213
521 213
522 212
523 212
525 210
525 205
523 203
522 203
521 202
512 202
520 202
521 203
522 203
525 206
525 209
521 213
520 213
519 214
509 214
508 213
505 213
504 212
503 213
503 214
501 216
501 217
500 218
500 219
499 220
499 221
498 222
498 223
495 226
493 224
493 223
494 222
494 221
495 220
495 219
496 218
496 215
495 214
495 213
492 210
492 209
491 208
491 207
490 206
490 199
491 198
491 197
493 195
496 195
497 196
498 196
499 197
499 198
501 200
501 202
502 203
502 205
504 205
504 204
506 202
506 201
510 197
510 192
509 191
509 190
508 189
508 184
507 183
507 181
508 180
508 178
509 177
509 176
510 175
511 175
512 174
514 174
517 177
517 178
518 179
518 181
519 182
519 186
520 185
521 186
523 184
524 184
525 183
526 183
527 182
534 182
538 186
538 189
537 190
537 191
534 194
533 194
532 195
522 195
521 194
517 194
515 196
515 197
512 200
513 200
515 198
515 197
518 194
521 194
522 195
532 195
533 194
535 194
537 192
537 190
538 189
538 185
536 183
535 183
534 182
527 182
526 183
524 183
523 184
522 184
521 185
520 185
519 184
519 182
518 181
518 179
517 178
517 176
515 174
