364 273
362 275
362 277
363 278
363 279
362 280
362 281
361 282
360 282
359 281
359 280
358 280
357 279
355 279
354 278
350 278
349 279
348 279
347 280
345 280
344 279
339 279
338 280
337 280
336 279
331 279
329 281
326 281
325 280
325 278
323 276
321 276
320 277
319 277
319 278
318 279
318 281
321 284
321 285
322 286
322 287
323 288
324 288
325 289
327 289
328 288
329 289
329 293
328 294
327 293
321 293
319 295
319 298
321 300
322 300
323 301
326 301
327 300
328 300
329 301
329 304
330 305
329 306
327 306
326 307
325 307
325 308
324 309
324 310
323 311
323 313
324 314
324 315
325 315
326 316
329 316
330 315
331 315
331 314
332 313
332 310
331 309
331 308
330 307
331 306
336 306
337 305
338 305
339 306
344 306
345 305
348 305
349 306
356 306
357 305
359 305
360 306
365 306
366 305
368 305
369 306
374 306
375 307
373 309
373 313
375 315
378 315
379 314
381 314
382 315
385 315
387 313
387 309
386 308
386 307
387 306
390 306
391 305
393 305
394 306
405 306
407 304
407 283
406 282
406 281
405 280
404 280
403 279
402 279
401 278
397 278
396 279
394 279
393 280
391 280
390 279
385 279
384 280
383 280
382 279
376 279
374 281
373 281
371 279
371 276
370 275
370 274
369 274
368 273
