375 425
373 427
373 428
372 429
367 429
365 431
363 431
362 432
361 432
360 431
356 431
355 432
354 432
353 433
352 432
351 432
350 431
328 431
326 433
326 438
329 441
329 457
331 459
336 459
338 457
339 457
341 459
346 459
347 458
348 458
349 459
354 459
355 458
358 458
359 459
365 459
366 458
367 458
368 457
369 457
370 456
372 458
371 459
369 459
367 461
367 463
366 464
366 465
365 466
363 466
362 465
359 465
358 466
357 466
357 467
356 468
356 470
355 471
353 469
349 469
347 471
347 475
349 477
352 477
353 476
354 476
354 475
355 474
355 472
356 471
357 472
357 473
360 476
364 476
365 475
366 475
366 474
367 473
367 471
368 470
371 470
372 469
373 469
373 468
376 465
376 461
375 460
376 459
380 459
381 458
384 458
385 459
390 459
391 458
393 458
394 459
400 459
401 458
403 458
404 459
415 459
417 457
417 444
416 443
416 442
417 441
417 437
416 436
416 435
415 434
415 433
414 432
413 432
412 431
405 431
404 432
403 432
402 433
400 431
395 431
394 432
392 432
391 431
386 431
384 429
382 429
381 428
381 427
379 425
