35 85
36 86
36 87
37 88
37 90
34 93
34 98
33 99
33 101
32 102
32 103
33 104
33 105
35 107
35 109
36 110
36 111
39 114
39 115
40 116
40 117
42 117
45 120
45 121
46 121
47 122
51 122
52 121
56 125
57 125
59 127
61 127
62 126
62 124
63 123
63 122
66 119
67 119
68 118
72 118
75 115
76 116
77 116
83 122
84 122
86 124
86 125
87 126
89 126
91 128
91 129
85 135
84 135
84 136
83 137
84 138
84 139
88 139
89 138
90 138
91 137
93 137
91 137
90 138
89 138
88 139
85 139
83 137
86 134
87 134
91 130
91 127
90 127
89 126
88 126
79 117
78 117
77 116
76 116
75 115
74 116
73 116
71 118
68 118
67 119
66 119
65 120
64 120
64 121
63 122
63 123
62 124
62 125
60 127
59 126
58 126
54 122
53 122
52 121
51 122
47 122
44 119
44 118
43 118
42 117
41 117
39 115
39 113
35 109
35 107
34 106
34 105
32 103
32 102
33 101
33 99
34 98
34 94
37 91
37 88
36 87
36 85
