50 41
48 43
48 44
47 45
47 46
45 48
44 48
44 49
43 50
43 51
42 52
42 53
40 55
38 55
35 52
35 51
30 46
29 46
28 45
27 45
26 44
25 44
24 43
21 43
19 45
19 46
18 47
18 48
17 49
17 50
14 53
14 54
13 55
11 55
9 57
9 58
10 59
10 60
11 61
11 62
19 70
19 71
20 72
20 73
21 74
21 75
25 79
25 85
26 86
26 87
29 87
31 85
31 83
32 82
33 83
33 86
35 86
36 87
36 91
34 93
33 93
33 95
34 96
34 97
33 98
33 99
32 100
32 104
34 106
34 108
35 109
35 110
39 114
39 115
40 116
40 117
41 117
46 122
52 122
55 125
56 125
57 126
58 126
59 127
62 127
62 125
63 124
63 123
67 119
68 119
69 118
73 118
75 116
76 116
79 119
80 119
82 121
82 122
83 122
87 126
87 127
89 127
91 129
89 131
88 131
83 136
83 139
89 139
90 138
89 139
84 139
83 138
83 137
90 130
91 130
91 128
90 128
89 127
88 127
86 125
86 124
85 123
84 123
78 117
77 117
76 116
75 116
74 117
73 117
72 118
69 118
68 119
67 119
66 120
65 120
64 121
64 122
63 123
63 124
62 125
62 126
61 127
59 127
58 126
57 126
53 122
47 122
43 118
42 118
39 115
39 114
38 113
38 112
34 108
34 106
33 105
33 104
32 103
32 100
33 99
33 98
34 97
34 95
33 94
34 93
35 93
36 92
36 87
35 86
34 86
33 85
33 83
32 82
31 83
31 84
28 87
27 87
25 85
25 79
24 78
24 77
20 73
20 71
18 69
18 68
10 60
10 59
9 58
9 57
11 55
13 55
16 52
16 51
17 50
17 49
18 48
18 47
22 43
24 43
25 44
26 44
27 45
28 45
31 48
32 48
34 50
34 51
36 53
36 54
37 55
41 55
42 54
42 52
43 51
43 50
46 47
47 47
47 45
48 44
48 43
50 41
51 41
53 43
53 45
54 46
54 47
55 48
56 48
55 48
54 47
54 46
53 45
53 43
51 41
