166 45
165 46
165 47
164 48
164 49
163 50
163 51
162 52
161 52
160 53
159 53
159 54
158 55
158 56
157 57
157 59
158 60
158 61
159 62
160 62
161 63
161 71
162 72
162 73
163 74
163 75
167 75
170 78
172 78
174 80
174 81
175 82
175 83
178 86
182 86
183 87
183 88
184 89
184 90
188 90
189 91
195 91
196 90
198 90
199 89
201 89
207 95
207 96
206 97
205 97
203 95
199 95
199 98
198 99
197 99
193 103
191 103
190 102
189 103
188 103
189 103
190 102
191 103
193 103
194 102
195 102
195 101
197 99
199 99
199 96
200 95
203 95
205 97
206 97
207 96
207 94
202 89
199 89
198 90
196 90
195 91
190 91
189 90
185 90
183 88
183 87
182 86
179 86
174 81
174 79
173 79
172 78
171 78
169 76
168 76
167 75
164 75
162 73
162 72
161 71
161 63
157 59
157 57
158 56
158 55
161 52
163 52
163 50
164 49
164 48
165 47
165 46
