193 108
188 113
187 113
186 114
185 114
184 115
183 115
182 116
181 116
180 117
176 117
175 116
174 116
173 117
170 117
168 119
168 121
169 122
170 122
171 121
172 121
173 122
174 122
175 123
176 123
175 123
174 122
173 122
172 121
171 121
170 122
169 122
168 121
168 119
170 117
173 117
174 116
175 116
176 117
180 117
181 116
182 116
183 115
185 115
187 113
188 113
191 110
192 110
194 112
194 114
192 116
191 116
191 120
190 121
190 122
190 121
191 120
191 117
192 116
193 116
193 115
194 114
194 112
193 111
194 110
196 110
196 108
195 108
196 109
195 110
194 110
193 109
