368 431
368 432
367 433
365 433
363 435
363 452
362 453
360 451
360 434
359 434
358 433
357 434
356 434
356 452
357 453
357 454
359 456
365 456
366 455
367 455
367 444
368 443
368 438
370 436
371 437
371 439
371 437
374 434
375 434
376 433
378 433
379 434
381 434
381 433
382 432
383 432
382 432
380 434
379 434
378 433
376 433
375 434
374 434
373 435
372 435
372 436
371 437
370 436
370 434
371 433
370 434
370 435
368 437
368 443
367 444
367 454
365 456
359 456
357 454
357 453
356 452
356 435
358 433
360 435
360 451
361 452
361 453
363 453
363 435
365 433
367 433
369 431
371 431
