116 19
115 20
114 20
111 23
110 23
109 24
108 24
107 25
106 25
105 26
104 26
103 27
102 27
99 30
99 31
98 32
99 33
99 37
96 40
95 40
94 41
91 41
90 42
89 42
87 44
86 44
84 46
81 43
81 42
80 41
78 41
77 42
76 42
73 45
73 46
72 47
72 49
71 50
71 52
70 53
68 53
66 51
66 49
65 48
65 46
61 42
59 42
58 43
58 44
57 45
57 46
57 45
60 42
65 47
65 48
66 49
66 51
68 53
71 53
71 50
72 49
72 47
78 41
80 41
81 42
81 43
82 44
82 45
83 46
85 46
88 43
89 43
91 41
94 41
95 40
97 40
99 38
99 33
98 32
99 31
99 30
101 28
102 28
104 26
106 26
108 24
109 24
110 23
112 23
116 19
117 19
120 22
120 23
122 25
122 26
124 28
124 29
125 30
125 31
127 31
129 33
130 33
134 37
138 37
140 35
144 35
145 36
146 36
148 38
148 39
149 39
150 40
153 40
156 37
157 37
158 38
159 38
163 42
164 42
166 44
166 45
165 46
165 48
164 49
164 50
162 52
161 52
160 53
159 53
159 54
158 55
158 60
162 64
162 72
163 73
163 74
164 75
168 75
171 78
172 78
174 80
174 81
175 82
175 83
177 85
179 85
180 86
182 86
184 88
184 90
184 88
182 86
180 86
179 85
178 85
174 81
174 79
173 79
170 76
169 76
168 75
165 75
162 72
162 64
161 63
161 62
160 62
158 60
158 55
161 52
163 52
164 51
164 49
165 48
165 46
166 45
166 43
165 43
161 39
160 39
159 38
158 38
157 37
156 37
155 38
154 38
152 40
150 40
146 36
145 36
144 35
140 35
139 36
138 36
137 37
135 37
132 34
131 34
129 32
128 32
127 31
126 31
124 29
124 27
121 24
121 23
119 21
119 20
118 20
117 19
