49 42
48 43
48 44
47 45
47 47
46 48
45 48
44 49
44 50
43 51
43 52
42 53
42 54
40 56
39 56
34 51
34 50
31 47
30 47
29 46
28 46
27 45
26 45
25 44
24 44
23 43
22 43
21 44
20 44
20 45
19 46
19 47
18 48
18 49
16 51
16 52
13 55
11 55
9 57
10 58
10 59
11 60
11 61
19 69
19 70
20 71
20 72
21 73
21 74
22 75
22 76
23 76
25 78
25 84
26 85
26 86
30 86
30 85
31 84
31 83
32 82
33 83
33 85
33 82
31 82
31 84
29 86
27 86
25 84
25 78
21 74
21 73
20 72
20 70
18 68
18 67
15 64
14 64
12 62
12 61
10 59
10 58
9 57
11 55
13 55
17 51
17 50
18 49
18 48
19 47
19 46
22 43
23 43
24 44
25 44
26 45
27 45
28 46
29 46
35 52
35 53
38 56
40 56
41 55
42 55
42 53
43 52
43 51
47 47
47 45
50 42
51 42
53 44
53 46
54 47
54 48
57 48
57 46
60 43
61 43
64 46
64 47
65 48
65 50
66 51
66 52
67 53
68 53
69 54
65 50
65 47
63 45
63 44
62 43
59 43
58 44
58 45
57 46
57 47
56 48
55 48
53 46
53 44
52 43
52 42
