251 461
251 462
250 463
250 467
251 468
251 470
250 471
251 472
251 473
252 474
252 475
253 476
253 478
252 479
250 477
249 477
248 478
248 479
251 482
251 485
250 486
250 487
249 488
249 489
248 490
246 490
245 491
244 491
244 492
243 493
243 500
242 501
237 501
235 503
235 504
233 506
232 506
231 507
228 507
227 508
226 508
226 509
222 513
221 513
219 515
219 516
218 517
217 517
216 516
215 516
214 517
211 517
211 518
210 519
210 520
209 521
209 522
208 523
208 525
207 526
205 526
204 525
203 526
202 526
200 528
199 528
198 529
196 529
195 530
194 530
189 535
188 535
187 536
185 536
184 537
183 537
181 539
178 539
176 541
178 539
181 539
183 537
184 537
185 536
187 536
188 535
189 535
190 534
191 534
196 529
199 529
201 527
202 527
204 525
205 526
208 526
208 523
209 522
209 521
210 520
210 519
212 517
214 517
215 516
216 516
217 517
219 517
219 515
221 513
223 513
225 511
225 510
228 507
231 507
232 506
234 506
234 505
238 501
243 501
243 493
246 490
249 490
249 488
250 487
250 486
251 485
251 482
248 479
250 477
252 479
253 479
253 475
251 473
251 472
250 471
251 470
251 468
250 467
250 463
251 462
