407 433
406 434
405 434
403 436
403 437
402 438
402 453
403 454
403 455
404 456
409 456
410 455
411 456
414 456
414 445
413 444
410 444
409 445
410 444
413 444
414 445
414 455
413 456
411 456
410 455
409 455
408 456
405 456
402 453
402 438
407 433
410 433
414 437
414 439
413 440
411 440
410 439
410 437
408 437
406 439
406 451
407 452
407 453
410 453
410 448
409 447
409 448
410 449
410 452
409 453
408 453
406 451
406 439
408 437
409 437
410 438
410 439
411 440
414 440
414 437
413 436
413 435
412 434
411 434
410 433
