80 539
80 541
81 542
81 543
82 543
83 544
83 547
84 548
86 548
89 545
90 545
93 548
93 549
94 550
97 550
98 551
99 551
101 553
101 555
100 556
99 556
99 557
97 559
96 559
94 561
94 562
93 563
93 566
92 567
92 573
91 574
91 586
90 587
90 589
91 590
91 592
90 593
90 601
91 602
94 602
91 602
90 601
90 593
91 592
91 590
90 589
90 587
91 586
91 574
92 573
92 567
93 566
93 563
94 562
94 561
96 559
97 559
101 555
101 552
100 552
99 551
98 551
97 550
95 550
92 547
92 546
91 546
90 545
88 545
85 548
84 548
83 547
83 544
80 541
