397 280
396 281
395 281
393 283
393 284
393 283
395 281
396 281
397 280
400 280
401 281
402 281
404 283
404 287
403 288
401 288
400 287
400 285
398 285
397 286
397 298
398 299
400 299
400 296
399 295
399 292
400 291
403 291
404 292
404 302
403 303
400 303
399 304
395 304
393 302
393 301
393 302
395 304
399 304
400 303
404 303
404 292
403 291
400 291
399 292
399 296
400 297
400 298
399 299
398 299
397 298
397 286
398 285
399 285
400 286
400 287
401 288
404 288
404 282
403 282
402 281
401 281
400 280
