397 245
397 246
394 249
394 252
393 253
393 255
392 256
391 256
390 255
390 251
383 251
383 262
383 252
384 251
385 251
386 252
386 262
388 262
388 252
389 251
390 252
390 255
391 256
391 258
390 259
390 263
388 265
385 265
384 264
385 265
389 265
390 264
390 259
391 258
391 257
392 256
393 257
393 253
394 252
394 249
396 247
398 249
398 255
399 256
399 260
400 261
400 264
399 265
398 265
397 264
397 263
395 263
395 264
394 265
392 265
394 265
396 263
398 265
404 265
404 260
405 259
406 260
406 263
406 260
405 259
404 260
404 264
403 265
402 264
402 262
402 264
401 265
400 264
400 261
399 260
399 256
398 255
398 249
399 248
399 246
398 245
