115 20
112 23
111 23
110 24
109 24
108 25
107 25
106 26
105 26
104 27
103 27
102 28
101 28
100 29
100 30
99 31
99 34
100 35
100 37
98 39
97 39
95 41
92 41
91 42
90 42
89 43
88 43
86 45
85 45
84 46
83 46
81 44
81 42
80 41
79 41
78 42
77 42
76 43
75 43
74 44
74 45
73 46
73 47
72 48
72 50
71 51
71 53
71 51
72 50
72 48
73 47
73 46
77 42
78 42
79 41
80 41
81 42
81 44
82 45
82 46
85 46
87 44
88 44
90 42
91 42
92 41
96 41
100 37
100 35
99 34
99 31
103 27
104 27
105 26
107 26
109 24
110 24
111 23
113 23
116 20
117 20
121 24
121 25
123 27
123 28
124 29
124 30
126 32
128 32
133 37
138 37
139 36
140 36
141 35
143 35
144 36
145 36
149 40
153 40
154 39
155 39
156 38
158 38
159 39
160 39
164 43
166 43
165 43
162 40
161 40
160 39
159 39
158 38
156 38
155 39
154 39
153 40
150 40
147 37
146 37
145 36
144 36
143 35
141 35
140 36
139 36
138 37
134 37
130 33
129 33
128 32
126 32
124 30
124 28
122 26
122 25
120 23
120 22
118 20
