229 335
230 336
232 336
233 337
236 337
237 338
237 339
238 340
238 342
239 343
239 344
240 345
240 347
239 348
239 352
240 353
240 356
241 357
241 358
242 359
242 360
243 361
243 362
246 365
246 368
245 369
245 373
246 374
246 375
247 376
247 379
248 380
248 381
249 382
249 383
250 384
250 389
251 390
251 391
252 392
252 396
253 397
253 398
254 399
254 401
253 402
253 403
251 405
251 407
252 408
252 409
253 410
253 413
254 414
254 418
254 413
253 412
253 410
252 409
252 408
251 407
251 405
253 403
253 402
254 401
254 398
252 396
252 392
251 391
251 390
250 389
250 383
248 381
248 380
247 379
247 376
246 375
246 374
245 373
245 369
246 368
246 365
245 364
245 363
242 360
242 359
241 358
241 357
240 356
240 353
239 352
239 348
240 347
240 344
238 342
238 340
237 339
237 338
236 337
233 337
232 336
230 336
