272 191
271 192
271 195
270 196
270 202
269 203
269 207
268 208
268 210
267 211
267 213
266 214
266 215
265 216
265 217
264 218
264 219
263 220
263 221
262 222
262 223
261 224
261 225
259 227
259 228
258 229
258 230
257 231
257 232
255 234
255 235
254 236
254 237
252 239
252 240
251 241
251 242
250 243
250 244
249 245
249 246
248 247
248 248
247 249
247 251
246 252
246 253
245 254
245 256
244 257
244 259
243 260
243 263
242 264
242 270
241 271
241 273
242 274
242 280
243 281
243 283
244 284
244 286
245 287
245 288
246 289
246 290
248 292
248 293
250 295
250 296
259 305
260 305
275 320
275 321
277 323
277 324
279 326
279 328
280 329
280 331
281 332
281 338
282 339
282 344
281 345
281 350
280 351
280 353
278 355
278 356
274 360
274 361
269 366
269 367
267 369
267 370
266 371
266 372
265 373
265 374
264 375
264 376
263 377
263 379
262 380
262 388
263 389
263 392
264 393
264 395
265 396
265 397
266 398
266 399
267 400
267 401
269 403
269 404
275 410
277 410
277 408
273 404
273 403
270 400
270 399
269 398
269 397
268 396
268 395
267 394
267 392
266 391
266 388
265 387
265 381
266 380
266 378
267 377
267 376
268 375
268 374
269 373
269 372
272 369
272 368
277 363
277 362
280 359
280 358
282 356
282 355
283 354
283 352
284 351
284 348
285 347
285 337
284 336
284 331
283 330
283 328
282 327
282 326
281 325
281 323
279 321
279 320
278 319
278 318
274 314
274 313
272 311
271 311
262 302
261 302
252 293
252 292
249 289
249 288
248 287
248 286
247 285
247 283
246 282
246 280
245 279
245 265
246 264
246 261
247 260
247 258
248 257
248 255
249 254
249 253
250 252
250 250
251 249
251 248
252 247
252 246
253 245
253 244
255 242
255 241
256 240
256 239
257 238
257 237
259 235
259 234
260 233
260 232
261 231
261 230
263 228
263 227
264 226
264 225
265 224
265 223
266 222
266 221
267 220
267 219
268 218
268 217
269 216
269 215
270 214
270 212
271 211
271 209
272 208
272 204
273 203
273 195
274 194
274 191
