395 133
394 134
394 135
395 136
395 139
396 140
396 142
397 143
397 145
398 146
398 148
399 149
399 150
400 151
400 153
401 154
401 155
402 156
402 158
403 159
401 161
397 161
396 162
394 162
393 163
392 163
392 166
394 166
395 165
397 165
398 164
402 164
403 163
404 163
407 166
407 167
409 169
409 170
416 177
419 177
419 175
412 168
412 167
410 165
410 164
411 163
413 163
414 164
417 164
418 165
420 165
421 166
422 166
424 168
425 168
427 170
429 170
429 168
426 165
425 165
423 163
421 163
420 162
418 162
417 161
413 161
412 160
408 160
406 158
406 157
405 156
405 155
404 154
404 153
403 152
403 151
402 150
402 148
401 147
401 146
400 145
400 143
399 142
399 140
398 139
398 137
397 136
397 133
