292 188
291 189
291 190
292 191
292 194
293 195
293 198
294 199
294 203
295 204
295 208
296 209
296 213
297 214
297 220
298 221
298 246
299 247
299 251
300 252
300 254
301 255
301 256
302 257
302 258
303 259
303 260
304 261
304 262
305 263
305 264
307 266
307 267
310 270
311 270
314 273
315 273
316 274
317 274
318 275
319 275
320 276
321 276
322 277
323 277
324 278
326 278
327 279
328 279
329 280
332 280
333 281
335 281
336 282
338 282
339 283
342 283
343 284
346 284
347 285
351 285
352 286
355 286
352 286
351 285
347 285
346 284
343 284
342 283
339 283
338 282
336 282
335 281
333 281
332 280
329 280
328 279
327 279
326 278
324 278
323 277
322 277
321 276
320 276
319 275
318 275
317 274
316 274
313 271
312 271
306 265
306 264
304 262
304 261
303 260
303 259
302 258
302 257
301 256
301 255
300 254
300 252
299 251
299 247
298 246
298 221
297 220
297 214
296 213
296 209
295 208
295 204
294 203
294 199
293 198
293 195
292 194
292 191
291 190
291 189
292 188
293 188
294 189
294 190
295 191
295 194
296 195
296 197
297 198
297 202
298 203
298 207
299 208
299 213
300 214
300 221
300 214
299 213
299 208
298 207
298 203
297 202
297 198
296 197
296 195
295 194
295 191
294 190
294 189
293 188
