458 261
458 262
453 267
452 267
449 270
448 270
446 272
445 272
444 273
443 273
442 274
441 274
440 275
439 275
438 276
437 276
436 277
434 277
433 278
432 278
431 279
429 279
428 280
427 280
426 281
424 281
423 282
421 282
420 283
418 283
417 284
415 284
414 285
412 285
411 286
408 286
407 287
405 287
404 288
402 288
400 290
400 291
399 292
399 297
401 299
403 299
404 300
406 300
407 301
410 301
411 302
414 302
415 303
418 303
419 304
421 304
422 305
423 305
424 306
425 306
426 307
427 307
428 308
429 308
440 319
440 320
442 322
442 323
443 324
443 327
442 328
440 326
440 324
438 322
438 321
437 320
435 320
435 321
436 320
437 320
438 321
438 322
439 323
439 324
440 325
440 326
441 327
441 328
443 328
443 324
442 323
442 322
441 321
441 320
439 318
439 317
431 309
430 309
429 308
428 308
427 307
426 307
425 306
424 306
423 305
422 305
421 304
419 304
418 303
415 303
414 302
411 302
410 301
407 301
406 300
404 300
403 299
401 299
399 297
399 292
400 291
400 290
402 288
404 288
405 287
407 287
408 286
411 286
412 285
414 285
415 284
417 284
418 283
420 283
421 282
423 282
424 281
426 281
427 280
428 280
429 279
431 279
432 278
433 278
434 277
436 277
437 276
438 276
439 275
440 275
441 274
442 274
443 273
444 273
445 272
446 272
447 271
448 271
450 269
451 269
454 266
455 266
457 264
457 263
459 261
461 263
461 270
462 271
462 277
461 278
461 284
460 285
460 287
459 288
459 289
458 290
458 291
457 292
457 293
456 294
456 295
455 296
455 297
454 298
454 299
453 300
453 301
452 302
452 303
451 304
451 306
450 307
450 308
449 309
449 312
448 313
448 316
447 317
447 329
448 330
448 334
449 335
449 338
450 339
450 340
451 341
451 343
452 344
452 345
453 346
453 347
454 348
454 349
458 353
455 350
455 349
453 347
453 346
452 345
452 344
451 343
451 341
450 340
450 339
449 338
449 335
448 334
448 330
447 329
447 317
448 316
448 313
449 312
449 309
450 308
450 307
451 306
451 304
452 303
452 302
453 301
453 300
454 299
454 298
455 297
455 296
456 295
456 294
457 293
457 292
458 291
458 290
459 289
459 288
460 287
460 285
461 284
461 278
462 277
462 271
461 270
461 263
460 262
460 261
