436 132
435 133
435 175
434 176
434 203
435 204
435 210
436 211
436 213
437 214
437 216
438 217
438 219
439 220
439 221
440 222
440 224
441 225
441 226
442 227
442 228
443 229
443 230
445 232
445 233
447 235
447 236
449 238
449 239
451 241
451 242
453 244
453 245
454 246
454 247
456 249
456 250
457 251
457 252
458 253
458 254
459 255
459 256
456 259
456 260
453 263
452 263
449 266
448 266
446 268
445 268
444 269
443 269
441 271
440 271
439 272
437 272
436 273
435 273
433 275
431 275
430 276
429 276
428 277
426 277
425 278
424 278
423 279
421 279
420 280
418 280
417 281
415 281
414 282
412 282
411 283
409 283
408 284
406 284
405 285
403 285
402 286
400 286
397 289
397 292
396 293
396 298
397 299
397 300
398 301
399 301
400 302
402 302
403 303
405 303
406 304
408 304
409 305
411 305
414 308
414 314
415 315
415 323
416 324
416 329
415 330
415 331
414 332
412 332
411 333
408 333
407 334
404 334
403 335
398 335
397 336
388 336
387 337
379 337
378 336
373 336
371 334
371 333
370 332
370 331
369 330
369 329
368 328
368 327
367 326
367 325
366 324
366 323
365 322
365 321
363 319
363 318
362 317
362 316
361 315
361 314
359 312
359 311
357 309
357 308
355 306
355 305
356 304
357 304
358 303
359 303
362 300
362 298
363 297
363 288
362 287
362 285
359 285
358 284
353 284
352 283
349 283
348 282
345 282
344 281
341 281
340 280
338 280
337 279
335 279
334 278
332 278
331 277
330 277
329 276
327 276
326 275
325 275
324 274
323 274
322 273
321 273
320 272
319 272
317 270
316 270
314 268
313 268
309 264
309 263
307 261
307 260
306 259
306 258
304 256
304 254
303 253
303 251
302 250
302 245
301 244
301 219
300 218
300 212
299 211
299 207
298 206
298 202
297 201
297 198
296 197
296 194
295 193
295 191
294 190
294 188
291 188
291 190
292 191
292 193
293 194
293 197
294 198
294 201
295 202
295 206
296 207
296 211
297 212
297 217
298 218
298 225
299 226
299 233
298 234
298 243
299 244
299 249
300 250
300 253
301 254
301 256
302 257
302 258
303 259
303 261
305 263
305 264
307 266
307 267
310 270
311 270
314 273
315 273
316 274
317 274
318 275
319 275
320 276
321 276
322 277
323 277
324 278
326 278
327 279
328 279
329 280
331 280
332 281
334 281
335 282
338 282
339 283
341 283
342 284
345 284
346 285
350 285
351 286
355 286
356 287
358 287
360 289
360 296
359 297
359 298
356 301
355 301
354 302
352 302
351 303
350 303
349 304
348 304
347 305
345 305
344 306
343 306
342 307
341 307
340 308
339 308
338 309
337 309
336 310
335 310
333 312
332 312
331 313
330 313
328 315
327 315
326 316
325 316
322 319
321 319
312 328
312 329
311 330
311 331
309 333
309 334
308 335
308 337
307 338
307 339
306 340
306 343
305 344
305 362
307 362
307 348
308 347
308 343
309 342
309 341
310 340
310 339
311 338
311 337
312 336
312 335
313 334
313 333
316 330
316 329
322 323
323 323
326 320
327 320
330 317
331 317
332 318
332 319
333 320
333 321
334 322
334 323
335 324
335 325
336 326
336 327
338 329
338 331
339 332
339 333
340 334
340 335
341 336
341 338
342 339
342 340
343 341
343 343
344 344
344 346
345 347
345 350
346 351
346 355
347 356
347 359
349 359
349 353
348 352
348 348
347 347
347 344
346 343
346 341
345 340
345 338
344 337
344 335
343 334
343 333
342 332
342 330
341 329
341 328
340 327
340 326
339 325
339 324
338 323
338 322
337 321
337 320
336 319
336 318
334 316
337 313
338 313
339 312
340 312
341 311
342 311
343 310
344 310
346 308
348 308
349 307
350 307
351 306
352 307
352 308
354 310
354 311
356 313
356 314
358 316
358 317
359 318
359 319
361 321
361 322
362 323
362 324
363 325
363 326
365 328
365 329
366 330
366 331
367 332
367 333
368 334
368 335
369 336
369 337
370 338
370 339
377 339
378 340
386 340
387 339
396 339
397 338
402 338
403 337
406 337
407 336
410 336
411 335
413 335
414 334
416 334
417 333
418 333
418 315
417 314
417 309
416 308
417 307
420 307
421 308
422 308
423 309
424 309
425 310
426 310
428 312
429 312
432 315
432 320
433 321
433 324
434 325
434 328
435 329
435 331
436 332
436 335
437 336
437 337
438 338
438 340
439 341
439 343
440 344
440 345
441 346
441 348
442 349
442 350
443 351
443 352
445 354
445 355
447 357
447 358
450 361
450 362
452 364
452 365
453 366
453 368
455 368
455 365
454 364
454 362
453 361
453 360
452 359
452 358
450 356
450 355
447 352
447 351
446 350
446 349
445 348
445 347
444 346
444 345
443 344
443 343
442 342
442 340
441 339
441 338
440 337
440 335
439 334
439 331
438 330
438 328
437 327
437 325
436 324
436 322
435 321
435 320
436 319
438 321
438 322
439 323
439 324
441 326
441 328
443 328
443 324
442 323
442 322
441 321
441 320
439 318
439 317
431 309
430 309
428 307
427 307
426 306
424 306
423 305
421 305
420 304
418 304
417 303
414 303
413 302
410 302
409 301
406 301
405 300
403 300
402 299
401 299
399 297
399 293
400 292
400 291
403 288
404 288
405 287
408 287
409 286
411 286
412 285
414 285
415 284
418 284
419 283
421 283
422 282
423 282
424 281
426 281
427 280
428 280
429 279
431 279
432 278
434 278
435 277
436 277
437 276
438 276
439 275
440 275
441 274
442 274
443 273
444 273
445 272
446 272
447 271
448 271
450 269
451 269
454 266
455 266
457 264
457 263
459 261
460 261
461 262
461 266
462 267
462 281
461 282
461 285
460 286
460 287
459 288
459 289
458 290
458 291
457 292
457 293
456 294
456 295
455 296
455 297
454 298
454 299
453 300
453 301
452 302
452 304
451 305
451 306
450 307
450 309
449 310
449 313
448 314
448 320
447 321
447 324
448 325
448 332
449 333
449 336
450 337
450 340
451 341
451 342
452 343
452 345
453 346
453 347
454 348
454 349
458 353
460 353
458 353
455 350
455 349
454 348
454 347
453 346
453 345
452 344
452 343
451 342
451 341
450 340
450 337
449 336
449 333
448 332
448 325
447 324
447 321
448 320
448 314
449 313
449 310
450 309
450 307
451 306
451 305
452 304
452 303
453 302
453 301
454 300
454 299
455 298
455 297
456 296
456 295
457 294
457 293
458 292
458 291
459 290
459 288
460 287
460 286
461 285
461 282
462 281
462 267
461 266
461 261
460 261
459 260
457 262
457 263
454 266
453 266
450 269
449 269
447 271
446 271
445 272
444 272
443 273
442 273
441 274
440 274
439 275
438 275
437 276
436 276
435 277
434 277
433 278
432 278
431 279
429 279
428 280
427 280
426 281
424 281
423 282
422 282
421 283
419 283
418 284
415 284
414 285
412 285
411 286
409 286
408 287
405 287
404 288
402 288
400 290
400 292
399 293
399 297
400 298
400 299
402 299
403 300
405 300
406 301
409 301
410 302
413 302
414 303
417 303
418 304
420 304
421 305
423 305
424 306
425 306
426 307
427 307
429 309
430 309
439 318
439 319
441 321
441 322
443 324
443 327
442 328
441 327
441 326
440 325
440 324
439 323
439 322
437 320
437 319
436 319
435 320
435 321
436 322
436 324
437 325
437 327
438 328
438 330
439 331
439 334
440 335
440 337
441 338
441 339
442 340
442 342
443 343
443 344
444 345
444 347
445 348
445 349
446 350
446 351
447 352
447 353
450 356
450 357
452 359
452 360
453 361
453 362
454 363
454 364
455 365
455 367
454 368
453 367
453 366
452 365
452 364
451 363
451 362
450 361
450 360
447 357
447 356
445 354
445 353
443 351
443 350
442 349
442 348
441 347
441 346
440 345
440 344
439 343
439 341
438 340
438 338
437 337
437 336
436 335
436 332
435 331
435 329
434 328
434 325
433 324
433 321
432 320
432 314
430 312
429 312
427 310
426 310
425 309
423 309
422 308
421 308
420 307
416 307
416 308
417 309
417 314
418 315
418 332
417 333
416 333
415 334
414 334
413 335
411 335
410 336
407 336
406 337
403 337
402 338
397 338
396 339
387 339
386 340
378 340
377 339
371 339
370 338
370 337
369 336
369 335
368 334
368 333
367 332
367 331
366 330
366 329
365 328
365 327
363 325
363 324
362 323
362 322
361 321
361 320
359 318
359 317
358 316
358 315
356 313
356 312
354 310
354 309
352 307
352 306
350 306
349 307
348 307
347 308
346 308
345 309
344 309
343 310
342 310
341 311
340 311
339 312
338 312
337 313
336 313
334 315
334 317
336 319
336 320
337 321
337 322
338 323
338 324
339 325
339 326
340 327
340 328
342 330
342 332
343 333
343 334
344 335
344 337
345 338
345 340
346 341
346 343
347 344
347 347
348 348
348 352
349 353
349 358
348 359
347 358
347 356
346 355
346 351
345 350
345 347
344 346
344 344
343 343
343 341
342 340
342 339
341 338
341 336
340 335
340 333
339 332
339 331
338 330
338 329
337 328
337 327
336 326
336 325
335 324
335 323
334 322
334 321
333 320
333 319
332 318
332 317
329 317
326 320
325 320
322 323
321 323
316 328
316 329
313 332
313 333
312 334
312 335
311 336
311 337
310 338
310 340
309 341
309 342
308 343
308 347
307 348
307 361
306 362
305 361
305 344
306 343
306 340
307 339
307 338
308 337
308 336
309 335
309 334
311 332
311 331
312 330
312 329
322 319
323 319
326 316
327 316
328 315
329 315
331 313
332 313
333 312
334 312
336 310
337 310
338 309
339 309
340 308
341 308
342 307
343 307
344 306
345 306
346 305
347 305
348 304
350 304
351 303
352 303
353 302
354 302
355 301
357 301
359 299
359 297
360 296
360 288
359 287
356 287
355 286
351 286
350 285
346 285
345 284
342 284
341 283
339 283
338 282
335 282
334 281
332 281
331 280
329 280
328 279
327 279
326 278
325 278
324 277
323 277
322 276
321 276
320 275
319 275
318 274
317 274
316 273
315 273
312 270
311 270
307 266
307 265
305 263
305 262
303 260
303 258
301 256
301 254
300 253
300 250
299 249
299 244
298 243
298 234
299 233
299 226
298 225
298 218
297 217
297 212
296 211
296 207
295 206
295 202
294 201
294 198
293 197
293 194
292 193
292 191
291 190
291 189
292 188
293 188
294 189
294 190
295 191
295 193
296 194
296 197
297 198
297 201
298 202
298 206
299 207
299 211
300 212
300 218
301 219
301 244
302 245
302 250
303 251
303 253
304 254
304 256
305 257
305 258
306 259
306 260
307 261
307 262
309 264
309 265
312 268
313 268
315 270
316 270
318 272
319 272
320 273
321 273
322 274
323 274
324 275
326 275
327 276
329 276
330 277
331 277
332 278
334 278
335 279
337 279
338 280
340 280
341 281
344 281
345 282
348 282
349 283
352 283
353 284
358 284
359 285
361 285
362 286
362 287
363 288
363 297
362 298
362 299
358 303
357 303
356 304
355 304
355 307
357 309
357 310
359 312
359 313
361 315
361 316
362 317
362 318
363 319
363 320
365 322
365 323
366 324
366 325
367 326
367 327
368 328
368 329
369 330
369 331
370 332
370 333
371 334
371 335
372 336
378 336
379 337
387 337
388 336
397 336
398 335
403 335
404 334
407 334
408 333
411 333
412 332
414 332
415 331
415 330
416 329
416 324
415 323
415 315
414 314
414 308
413 307
413 306
412 305
409 305
408 304
406 304
405 303
403 303
402 302
401 302
400 301
399 301
396 298
396 293
397 292
397 290
401 286
402 286
403 285
405 285
406 284
408 284
409 283
411 283
412 282
414 282
415 281
417 281
418 280
420 280
421 279
423 279
424 278
425 278
426 277
428 277
429 276
430 276
431 275
433 275
434 274
435 274
436 273
437 273
438 272
440 272
441 271
442 271
444 269
445 269
446 268
447 268
449 266
450 266
453 263
454 263
455 262
455 261
459 257
459 255
458 254
458 253
457 252
457 250
456 249
456 248
454 246
454 245
453 244
453 243
451 241
451 240
449 238
449 237
447 235
447 234
445 232
445 231
443 229
443 228
442 227
442 226
441 225
441 224
440 223
440 222
439 221
439 220
438 219
438 217
437 216
437 214
436 213
436 211
435 210
435 204
434 203
434 176
435 175
435 133
436 132
437 132
438 133
438 162
437 163
437 206
438 207
438 211
439 212
439 214
440 215
440 217
441 218
441 220
442 221
442 222
443 223
443 224
444 225
444 226
446 228
446 229
447 230
447 231
449 233
449 234
451 236
451 237
453 239
453 240
455 242
455 243
457 245
457 246
458 247
458 248
459 249
459 250
460 251
460 252
461 253
461 255
462 256
462 258
463 259
463 262
464 263
464 267
465 268
465 280
464 281
464 285
463 286
463 287
462 288
462 289
461 290
461 291
460 292
460 293
459 294
459 295
458 296
458 297
457 298
457 300
455 302
455 304
454 305
454 307
453 308
453 310
452 311
452 314
451 315
451 332
452 333
452 336
453 337
453 339
454 340
454 342
455 343
455 345
456 346
456 347
457 348
457 349
459 351
460 351
457 348
457 347
456 346
456 345
455 344
455 343
454 342
454 340
453 339
453 337
452 336
452 333
451 332
451 315
452 314
452 311
453 310
453 308
454 307
454 305
455 304
455 303
456 302
456 301
457 300
457 299
458 298
458 297
459 296
459 295
460 294
460 293
461 292
461 291
462 290
462 288
463 287
463 286
464 285
464 281
465 280
465 268
464 267
464 263
463 262
463 259
462 258
462 256
463 255
465 255
466 256
472 256
473 255
475 255
476 254
478 254
479 253
480 253
483 250
484 250
487 247
487 246
489 244
489 243
490 242
490 241
491 240
491 238
492 237
492 228
491 227
491 226
490 225
490 224
488 222
487 222
485 220
482 220
481 219
474 219
473 220
470 220
469 221
468 221
467 222
466 222
465 223
464 223
464 224
463 225
463 226
462 227
462 229
464 229
465 228
465 227
467 225
468 225
470 223
472 223
473 222
482 222
484 224
485 224
488 227
488 228
489 229
489 238
487 240
487 241
485 243
485 244
480 249
479 249
477 251
476 251
475 252
474 252
473 253
463 253
463 255
462 256
461 255
461 253
460 252
460 250
459 249
459 248
458 247
458 246
457 245
457 244
455 242
455 241
453 239
453 238
451 236
451 235
449 233
449 232
447 230
447 229
446 228
446 227
444 225
444 224
443 223
443 222
442 221
442 220
441 219
441 218
440 217
440 215
439 214
439 212
438 211
438 207
437 206
437 163
438 162
438 132
