225 110
224 111
223 111
222 112
221 112
219 114
219 115
218 116
218 117
217 118
217 119
216 120
216 126
217 127
217 130
218 131
218 132
219 133
219 135
220 136
220 137
222 139
222 140
224 142
224 143
228 147
228 148
230 150
230 151
231 152
231 155
232 156
232 157
234 157
234 152
235 151
235 150
237 148
237 147
239 145
239 144
247 136
247 135
248 134
248 132
249 131
249 126
248 125
248 123
247 122
247 121
244 118
243 118
242 117
241 117
240 116
239 116
238 117
237 117
233 113
233 112
232 112
231 111
230 111
229 110
