473 219
472 220
470 220
469 221
468 221
467 222
466 222
465 223
464 223
464 224
463 225
463 226
462 227
462 228
463 229
464 229
463 229
462 228
462 227
463 226
463 225
466 222
467 222
468 221
469 221
470 220
472 220
473 219
482 219
483 220
484 220
485 221
486 221
491 226
491 228
492 229
492 237
491 238
491 240
490 241
490 242
488 244
488 245
482 251
481 251
479 253
478 253
477 254
476 254
475 255
472 255
475 255
476 254
478 254
480 252
481 252
483 250
484 250
487 247
487 246
489 244
489 243
490 242
490 241
491 240
491 238
492 237
492 229
491 228
491 226
490 225
490 224
488 222
487 222
486 221
485 221
484 220
483 220
482 219
