395 133
394 134
394 136
395 137
395 139
396 140
396 143
397 144
397 146
398 147
398 148
399 149
399 151
400 152
400 153
401 154
401 155
402 156
402 157
403 158
403 159
402 160
400 160
399 161
397 161
396 162
394 162
393 163
392 163
392 165
396 165
397 164
400 164
401 163
404 163
407 166
407 167
409 169
409 170
415 176
416 176
417 177
408 168
408 167
406 165
406 164
405 164
404 163
401 163
400 164
397 164
396 165
393 165
392 164
394 162
396 162
397 161
399 161
400 160
403 160
403 158
402 157
402 156
401 155
401 154
400 153
400 152
399 151
399 149
398 148
398 147
397 146
397 144
396 143
396 140
395 139
395 137
394 136
394 134
395 133
396 133
397 134
397 136
398 137
398 140
399 141
399 142
400 143
400 145
401 146
401 147
402 148
402 150
403 151
403 152
404 153
404 154
405 155
405 156
406 157
406 158
407 159
408 159
409 160
414 160
415 161
418 161
419 162
420 162
421 163
422 163
423 164
424 164
426 166
427 166
429 168
426 165
425 165
424 164
423 164
422 163
421 163
420 162
419 162
418 161
415 161
414 160
409 160
408 159
407 159
406 158
406 157
405 156
405 155
404 154
404 153
403 152
403 151
402 150
402 148
401 147
401 146
400 145
400 143
399 142
399 141
398 140
398 137
397 136
397 134
396 133
