457 258
456 259
456 260
454 262
453 262
448 267
447 267
446 268
445 268
443 270
442 270
441 271
440 271
439 272
438 272
437 273
436 273
435 274
433 274
432 275
431 275
430 276
428 276
427 277
426 277
425 278
423 278
422 279
420 279
419 280
417 280
416 281
414 281
413 282
411 282
410 283
409 283
408 284
405 284
404 285
402 285
401 286
400 286
398 288
398 289
397 290
397 291
396 292
396 298
397 299
397 300
398 301
399 301
400 302
402 302
403 303
405 303
406 304
409 304
410 305
412 305
413 306
413 310
414 311
414 318
415 319
415 330
413 332
410 332
409 333
407 333
406 334
402 334
401 335
394 335
393 336
373 336
370 333
370 332
369 331
369 330
368 329
368 327
367 326
367 325
365 323
365 322
364 321
364 320
363 319
363 318
362 317
362 316
360 314
360 313
358 311
358 310
357 309
357 308
355 306
355 305
356 304
357 304
358 303
359 303
361 301
361 300
362 299
362 294
362 299
357 304
356 304
355 305
355 307
358 310
358 311
359 312
359 313
361 315
361 316
363 318
363 319
364 320
364 321
365 322
365 323
366 324
366 325
368 327
368 329
369 330
369 331
370 332
370 333
371 334
371 335
372 335
373 336
393 336
394 335
401 335
402 334
406 334
407 333
409 333
410 332
413 332
414 331
415 331
415 319
414 318
414 311
413 310
413 306
412 305
410 305
409 304
406 304
405 303
403 303
402 302
400 302
396 298
396 292
397 291
397 290
398 289
398 288
400 286
401 286
402 285
404 285
405 284
408 284
409 283
410 283
411 282
413 282
414 281
416 281
417 280
419 280
420 279
422 279
423 278
425 278
426 277
427 277
428 276
430 276
431 275
432 275
433 274
435 274
436 273
437 273
438 272
439 272
440 271
441 271
442 270
443 270
444 269
445 269
447 267
448 267
449 266
450 266
458 258
