401 32
400 33
395 33
394 34
391 34
394 34
395 33
400 33
401 32
418 32
419 33
425 33
426 34
430 34
431 35
436 35
437 36
440 36
441 37
443 37
444 38
446 38
447 39
449 39
450 40
452 40
453 41
455 41
456 42
457 42
458 43
460 43
461 44
462 44
463 45
464 45
465 46
466 46
467 47
469 47
470 48
471 48
472 49
473 49
475 51
476 51
477 52
478 52
480 54
481 54
485 58
486 58
495 67
495 68
497 70
497 71
501 75
501 76
503 78
503 79
505 81
505 82
507 84
507 85
508 86
508 87
509 88
509 89
511 91
511 92
512 93
512 94
513 95
513 96
514 97
514 98
515 99
515 100
516 101
516 103
517 104
517 105
518 106
518 108
519 109
519 110
520 111
520 113
521 114
521 116
522 117
522 119
523 120
523 122
524 123
524 126
525 127
525 129
526 130
526 133
527 134
527 137
528 138
528 140
529 141
529 145
530 146
530 148
531 149
531 152
532 153
532 156
533 157
533 161
534 162
534 167
535 168
535 173
536 174
536 180
537 181
537 189
538 190
538 200
539 201
539 222
538 223
538 234
537 235
537 242
536 243
536 249
535 250
535 255
534 256
534 261
533 262
533 266
532 267
532 271
531 272
531 276
530 277
530 280
529 281
529 285
528 286
528 290
527 291
527 296
526 297
526 304
525 305
525 311
526 312
526 317
527 318
527 321
528 322
528 324
529 325
529 326
530 327
530 328
531 329
531 330
532 331
532 332
534 334
534 335
536 337
536 338
544 346
544 347
548 351
548 352
549 353
549 354
550 355
550 356
551 357
551 360
552 361
552 368
551 369
551 372
550 373
550 374
549 375
549 376
548 377
548 378
547 379
547 380
545 382
545 383
542 386
542 387
540 389
540 390
538 392
538 395
538 392
541 389
541 388
544 385
544 384
546 382
546 381
547 380
547 379
549 377
549 375
550 374
550 373
551 372
551 369
552 368
552 361
551 360
551 357
550 356
550 355
549 354
549 353
548 352
548 351
547 350
547 349
543 345
543 344
535 336
535 335
533 333
533 332
531 330
531 329
530 328
530 327
529 326
529 325
528 324
528 322
527 321
527 318
526 317
526 312
525 311
525 305
526 304
526 297
527 296
527 291
528 290
528 286
529 285
529 281
530 280
530 277
531 276
531 272
532 271
532 267
533 266
533 262
534 261
534 256
535 255
535 250
536 249
536 243
537 242
537 235
538 234
538 223
539 222
539 201
538 200
538 190
537 189
537 181
536 180
536 174
535 173
535 168
534 167
534 162
533 161
533 157
532 156
532 153
531 152
531 149
530 148
530 146
529 145
529 141
528 140
528 138
527 137
527 134
526 133
526 130
525 129
525 127
524 126
524 123
523 122
523 120
522 119
522 117
521 116
521 114
520 113
520 111
519 110
519 109
518 108
518 106
517 105
517 104
516 103
516 101
515 100
515 99
514 98
514 97
513 96
513 95
512 94
512 93
511 92
511 91
510 90
510 89
508 87
508 86
507 85
507 84
506 83
506 82
504 80
504 79
502 77
502 76
500 74
500 73
496 69
496 68
492 64
492 63
491 62
490 62
483 55
482 55
480 53
479 53
478 52
477 52
475 50
474 50
473 49
472 49
471 48
470 48
469 47
467 47
466 46
465 46
464 45
463 45
462 44
461 44
460 43
458 43
457 42
456 42
455 41
453 41
452 40
450 40
449 39
447 39
446 38
444 38
443 37
441 37
440 36
437 36
436 35
431 35
430 34
426 34
425 33
419 33
418 32
