519 54
517 56
516 56
511 61
511 62
509 64
509 66
508 67
508 69
507 70
507 75
507 70
508 69
508 67
509 66
509 65
511 63
511 62
517 56
518 56
520 54
524 54
527 57
527 63
526 64
526 67
525 68
525 70
524 71
524 72
523 73
523 74
522 75
522 79
523 79
524 80
526 80
527 81
528 81
529 82
530 82
531 83
532 83
533 84
534 84
541 91
541 92
542 93
541 94
541 95
540 96
540 97
538 99
530 99
529 98
526 98
525 97
524 97
523 96
522 96
521 95
520 95
517 92
519 94
519 95
520 95
521 96
522 96
523 97
525 97
526 98
529 98
530 99
539 99
540 98
540 97
541 96
541 94
542 93
541 92
541 90
535 84
534 84
533 83
532 83
531 82
530 82
529 81
527 81
526 80
524 80
522 78
522 76
523 75
523 73
524 72
524 71
525 70
525 68
526 67
526 64
527 63
527 57
526 56
526 55
525 54
