330 89
330 93
329 94
329 100
328 101
328 119
329 120
329 126
330 127
330 131
331 132
331 134
332 135
332 138
333 139
333 140
334 141
334 143
335 144
335 146
336 147
336 148
337 149
337 150
339 152
339 153
341 155
341 156
345 160
345 161
348 164
349 164
354 169
357 169
357 167
355 165
354 165
346 157
346 156
343 153
343 152
341 150
341 149
340 148
340 147
339 146
339 145
338 144
338 143
337 142
337 141
336 140
336 138
335 137
335 135
334 134
334 131
333 130
333 126
332 125
332 119
331 118
331 101
332 100
332 92
333 91
333 89
