349 307
348 308
347 308
346 309
345 309
344 310
343 310
342 311
341 311
340 312
339 312
338 313
337 313
336 314
334 314
334 316
335 317
335 318
336 319
336 320
338 322
338 323
339 324
339 325
340 326
340 327
341 328
341 329
342 330
342 332
343 333
343 334
344 335
344 337
345 338
345 340
346 341
346 344
347 345
347 348
348 349
348 352
348 349
347 348
347 345
346 344
346 341
345 340
345 338
344 337
344 335
343 334
343 333
342 332
342 330
341 329
341 328
340 327
340 326
339 325
339 324
338 323
338 322
337 321
337 320
335 318
335 317
334 316
334 315
335 314
336 314
337 313
338 313
339 312
340 312
341 311
342 311
343 310
344 310
345 309
346 309
347 308
348 308
349 307
351 307
354 310
354 311
356 313
356 314
358 316
358 317
360 319
360 320
361 321
361 322
362 323
362 324
364 326
364 327
365 328
365 329
366 330
366 331
367 332
367 333
368 334
368 335
369 336
369 337
370 338
370 339
396 339
397 338
402 338
403 337
406 337
407 336
409 336
410 335
413 335
414 334
415 334
416 333
418 333
418 315
417 314
417 310
416 309
416 308
417 307
420 307
421 308
422 308
423 309
424 309
425 310
426 310
428 312
429 312
431 314
431 316
432 317
432 322
433 323
433 325
434 326
434 329
435 330
435 332
436 333
436 335
437 336
437 338
438 339
438 341
439 342
439 343
440 344
440 346
441 347
441 348
442 349
442 350
443 351
443 352
445 354
445 355
447 357
447 358
451 362
451 363
452 364
452 366
453 367
455 367
455 365
454 364
454 362
453 361
453 360
452 359
452 358
449 355
449 354
447 352
447 351
446 350
446 349
445 348
445 347
444 346
444 345
443 344
443 343
442 342
442 340
441 339
441 338
440 337
440 335
439 334
439 332
438 331
438 329
437 328
437 325
436 324
436 323
436 324
437 325
437 328
438 329
438 331
439 332
439 334
440 335
440 337
441 338
441 339
442 340
442 342
443 343
443 344
444 345
444 346
445 347
445 348
446 349
446 350
447 351
447 352
448 353
448 354
450 356
450 357
453 360
453 361
454 362
454 364
455 365
455 366
454 367
453 367
452 366
452 364
451 363
451 362
450 361
450 360
446 356
446 355
444 353
444 352
442 350
442 349
441 348
441 347
440 346
440 344
439 343
439 342
438 341
438 339
437 338
437 336
436 335
436 333
435 332
435 330
434 329
434 326
433 325
433 323
432 322
432 317
431 316
431 313
430 313
428 311
427 311
426 310
425 310
424 309
423 309
422 308
421 308
420 307
417 307
416 308
416 309
417 310
417 314
418 315
418 332
417 333
416 333
415 334
414 334
413 335
410 335
409 336
407 336
406 337
403 337
402 338
397 338
396 339
371 339
369 337
369 336
368 335
368 334
367 333
367 332
366 331
366 330
365 329
365 328
364 327
364 326
363 325
363 324
361 322
361 321
360 320
360 319
359 318
359 317
357 315
357 314
355 312
355 311
353 309
353 308
352 307
