401 29
400 30
396 30
395 31
392 31
391 32
387 32
386 33
383 33
382 34
380 34
379 35
376 35
375 36
373 36
372 37
369 37
368 38
367 38
366 39
364 39
363 40
361 40
360 41
359 41
358 42
357 42
356 43
355 43
354 44
353 44
352 45
351 45
350 46
349 46
347 48
346 48
344 50
338 50
337 51
335 51
334 52
332 52
331 53
330 53
329 54
327 54
326 55
325 55
324 56
323 56
322 57
321 57
320 58
319 58
317 60
316 60
315 61
314 61
313 62
312 62
310 64
309 64
308 65
307 65
305 67
304 67
301 70
300 70
297 73
296 73
292 77
291 77
274 94
274 95
270 99
270 100
268 102
268 103
266 105
266 106
264 108
264 109
262 111
262 112
261 113
261 114
260 115
260 116
259 117
259 118
258 119
258 120
257 121
257 122
256 123
256 125
255 126
255 128
254 129
254 130
253 131
253 134
252 135
252 138
251 139
251 143
250 144
250 158
251 159
251 163
252 164
252 167
253 168
253 170
254 171
254 173
255 174
255 175
256 176
256 177
257 178
257 179
258 180
258 181
259 182
259 183
261 185
263 185
263 183
261 181
261 180
260 179
260 178
259 177
259 176
258 175
258 174
257 173
257 171
256 170
256 168
255 167
255 165
254 164
254 160
253 159
253 145
254 144
254 140
255 139
255 136
256 135
256 132
257 131
257 129
258 128
258 127
259 126
259 124
260 123
260 122
261 121
261 120
262 119
262 118
263 117
263 116
265 114
265 113
266 112
266 111
268 109
268 108
270 106
270 105
273 102
273 101
278 96
278 95
293 80
294 80
299 75
300 75
303 72
304 72
307 69
308 69
310 67
311 67
313 65
314 65
315 64
316 64
318 62
319 62
320 61
321 61
322 60
323 60
324 59
325 59
326 58
327 58
328 57
329 57
330 56
331 56
332 55
334 55
335 54
338 54
339 53
346 53
349 50
350 50
352 48
353 48
354 47
355 47
356 46
357 46
358 45
359 45
360 44
362 44
363 43
364 43
365 42
366 42
367 41
369 41
370 40
372 40
373 39
375 39
376 38
378 38
379 37
382 37
383 36
386 36
387 35
389 35
387 35
386 36
383 36
382 37
379 37
378 38
376 38
375 39
373 39
372 40
370 40
369 41
367 41
366 42
365 42
364 43
363 43
362 44
360 44
359 45
358 45
357 46
356 46
355 47
354 47
353 48
352 48
351 49
350 49
348 51
347 51
345 53
339 53
338 54
335 54
334 55
332 55
331 56
330 56
329 57
328 57
327 58
326 58
325 59
324 59
323 60
322 60
321 61
320 61
319 62
318 62
317 63
316 63
314 65
313 65
312 66
311 66
309 68
308 68
306 70
305 70
302 73
301 73
298 76
297 76
292 81
291 81
279 93
279 94
274 99
274 100
271 103
271 104
269 106
269 107
267 109
267 110
266 111
266 112
264 114
264 115
263 116
263 117
262 118
262 119
261 120
261 121
260 122
260 123
259 124
259 126
258 127
258 128
257 129
257 131
256 132
256 135
255 136
255 139
254 140
254 144
253 145
253 159
254 160
254 164
255 165
255 167
256 168
256 170
257 171
257 173
258 174
258 175
259 176
259 177
260 178
260 179
261 180
261 181
262 182
262 183
263 184
262 185
261 185
260 184
260 183
258 181
258 180
257 179
257 178
256 177
256 176
255 175
255 174
254 173
254 171
253 170
253 168
252 167
252 164
251 163
251 159
250 158
250 144
251 143
251 139
252 138
252 135
253 134
253 131
254 130
254 129
255 128
255 126
256 125
256 123
257 122
257 121
258 120
258 119
259 118
259 117
260 116
260 115
261 114
261 113
263 111
263 110
265 108
265 107
267 105
267 104
269 102
269 101
273 97
273 96
293 76
294 76
298 72
299 72
302 69
303 69
306 66
307 66
309 64
310 64
311 63
312 63
314 61
315 61
316 60
317 60
318 59
319 59
321 57
322 57
323 56
324 56
325 55
326 55
327 54
329 54
330 53
331 53
332 52
334 52
335 51
337 51
338 50
344 50
345 49
346 49
348 47
349 47
351 45
352 45
353 44
354 44
355 43
356 43
357 42
358 42
359 41
360 41
361 40
363 40
364 39
366 39
367 38
368 38
369 37
372 37
373 36
375 36
376 35
379 35
380 34
382 34
383 33
386 33
387 32
391 32
392 31
395 31
396 30
400 30
401 29
420 29
421 30
427 30
428 31
432 31
433 32
436 32
437 33
440 33
441 34
443 34
444 35
446 35
447 36
449 36
450 37
452 37
453 38
455 38
456 39
457 39
458 40
460 40
461 41
462 41
463 42
464 42
465 43
467 43
469 45
470 45
471 46
472 46
473 47
474 47
475 48
476 48
477 49
478 49
479 50
480 50
482 52
483 52
485 54
486 54
488 56
488 57
489 57
496 64
496 65
499 68
499 69
503 73
503 74
505 76
505 77
508 80
508 81
510 83
510 84
511 85
511 86
512 87
512 88
513 89
513 90
514 91
514 92
515 93
515 94
516 95
516 96
517 97
517 98
518 99
518 100
519 101
519 102
520 103
520 105
521 106
521 107
522 108
522 110
523 111
523 113
524 114
524 116
525 117
525 119
526 120
526 122
527 123
527 126
528 127
528 129
529 130
529 134
530 135
530 137
531 138
531 141
531 138
530 137
530 135
529 134
529 130
528 129
528 127
527 126
527 123
526 122
526 120
525 119
525 117
524 116
524 114
523 113
523 111
522 110
522 108
521 107
521 106
520 105
520 103
519 102
519 101
518 100
518 99
517 98
517 97
516 96
516 94
514 92
514 91
513 90
513 89
512 88
512 87
511 86
511 84
509 82
509 81
507 79
507 78
504 75
504 74
502 72
502 71
498 67
498 66
485 53
484 53
482 51
481 51
480 50
479 50
478 49
477 49
476 48
475 48
474 47
473 47
472 46
471 46
469 44
468 44
467 43
465 43
464 42
463 42
462 41
461 41
460 40
458 40
457 39
456 39
455 38
453 38
452 37
450 37
449 36
447 36
446 35
444 35
443 34
441 34
440 33
437 33
436 32
433 32
432 31
428 31
427 30
421 30
420 29
