464 277
464 284
463 285
463 287
462 288
462 290
461 291
461 292
460 293
460 294
459 295
459 296
458 297
458 298
457 299
457 300
456 301
456 302
455 303
455 304
454 305
454 306
453 307
453 309
452 310
452 313
451 314
451 318
450 319
450 328
451 329
451 333
452 334
452 336
453 337
453 340
454 341
454 343
455 344
455 345
456 346
456 347
460 351
456 347
456 346
455 345
455 344
454 343
454 341
453 340
453 337
452 336
452 334
451 333
451 329
450 328
450 319
451 318
451 314
452 313
452 310
453 309
453 307
454 306
454 305
455 304
455 303
456 302
456 301
457 300
457 299
458 298
458 297
459 296
459 295
460 294
460 293
461 292
461 291
462 290
462 288
463 287
463 285
464 284
