197 202
196 203
195 203
194 204
193 204
191 206
191 207
190 208
190 210
189 211
189 216
190 217
190 219
191 220
191 221
192 222
192 223
193 224
193 225
195 227
195 228
198 231
199 231
201 233
202 233
203 234
204 234
206 236
207 236
208 237
209 237
210 238
211 238
212 239
213 239
214 240
215 240
216 241
217 241
223 247
223 251
224 252
226 252
226 246
225 245
225 242
226 241
226 238
227 237
227 236
228 235
228 234
229 233
229 232
230 231
230 230
231 229
231 227
232 226
232 213
231 212
231 210
230 209
230 208
229 207
229 206
228 206
227 205
226 205
225 204
222 204
221 205
220 205
219 206
218 206
217 207
216 207
215 208
214 208
212 206
211 206
209 204
208 204
207 203
205 203
204 202
