347 310
347 311
348 312
348 313
349 314
349 315
350 316
350 317
352 319
352 320
354 322
354 323
355 324
355 325
356 326
356 327
357 328
357 329
358 330
358 331
359 332
359 333
360 334
360 335
361 336
361 337
362 338
362 339
363 340
363 342
364 343
364 344
368 344
368 341
368 343
367 344
365 344
364 343
364 342
363 341
363 340
362 339
362 338
361 337
361 335
360 334
360 333
359 332
359 331
358 330
358 329
357 328
357 327
356 326
356 325
355 324
355 323
354 322
354 321
352 319
352 318
350 316
350 315
349 314
349 313
348 312
348 311
