272 191
271 192
271 199
270 200
270 204
269 205
269 208
268 209
268 210
267 211
267 212
266 213
266 215
265 216
265 217
264 218
264 219
263 220
263 221
262 222
262 223
260 225
260 226
259 227
259 228
258 229
258 230
256 232
256 233
255 234
255 235
253 237
253 238
252 239
252 240
251 241
251 242
250 243
250 244
249 245
249 246
248 247
248 248
247 249
247 251
246 252
246 254
245 255
245 257
244 258
244 260
243 261
243 265
242 266
242 278
243 279
243 282
244 283
244 285
245 286
245 288
246 289
246 290
247 291
247 292
250 295
250 296
259 305
260 305
275 320
275 321
277 323
277 324
278 325
278 326
280 328
280 330
281 331
281 334
282 335
282 348
281 349
281 351
279 353
279 354
278 355
278 356
274 360
274 361
269 366
269 367
267 369
267 370
265 372
265 373
264 374
264 377
263 378
263 383
262 384
263 385
263 391
264 392
264 395
265 396
265 397
266 398
266 399
267 400
267 401
269 403
269 404
275 410
278 410
278 408
277 407
276 407
273 404
273 403
270 400
270 399
269 398
269 397
268 396
268 395
267 394
267 392
266 391
266 378
267 377
267 376
268 375
268 374
269 373
269 372
272 369
272 368
277 363
277 362
281 358
281 357
282 356
282 355
283 354
283 352
284 351
284 349
285 348
285 335
284 334
284 331
283 330
283 328
282 327
282 325
281 324
281 323
280 322
280 321
278 319
278 318
262 302
261 302
252 293
252 292
250 290
250 289
249 288
249 287
247 285
247 283
246 282
246 279
245 278
245 266
246 265
246 261
247 260
247 258
248 257
248 255
249 254
249 253
250 252
250 251
251 250
251 249
252 248
252 247
253 246
253 245
254 244
254 243
255 242
255 241
256 240
256 239
257 238
257 237
259 235
259 234
260 233
260 232
262 230
262 229
263 228
263 227
264 226
264 225
266 223
266 222
267 221
267 220
268 219
268 217
269 216
269 215
270 214
270 212
271 211
271 209
272 208
272 205
273 204
273 199
274 198
274 191
274 198
273 199
273 204
272 205
272 208
271 209
271 211
270 212
270 214
268 216
268 218
267 219
267 220
266 221
266 222
264 224
264 225
263 226
263 227
262 228
262 229
260 231
260 232
259 233
259 234
257 236
257 237
256 238
256 239
255 240
255 241
254 242
254 243
253 244
253 245
252 246
252 247
251 248
251 249
250 250
250 252
249 253
249 254
248 255
248 257
247 258
247 260
246 261
246 265
245 266
245 278
246 279
246 282
247 283
247 285
248 286
248 287
249 288
249 289
250 290
250 291
252 293
252 294
260 302
261 302
278 319
278 320
280 322
280 323
281 324
281 325
282 326
282 327
283 328
283 330
284 331
284 334
285 335
285 348
284 349
284 351
283 352
283 353
282 354
282 355
281 356
281 357
277 361
277 362
272 367
272 368
269 371
269 372
268 373
268 374
267 375
267 377
266 378
266 391
267 392
267 394
268 395
268 396
269 397
269 399
271 401
271 402
274 405
274 406
275 406
278 409
277 410
276 410
274 408
273 408
272 407
272 406
269 403
269 402
267 400
267 399
266 398
266 397
265 396
265 395
264 394
264 392
263 391
263 385
262 384
263 383
263 378
264 377
264 375
265 374
265 373
267 371
267 370
269 368
269 367
274 362
274 361
278 357
278 356
279 355
279 354
280 353
280 352
281 351
281 349
282 348
282 335
281 334
281 331
280 330
280 328
279 327
279 326
278 325
278 324
277 323
277 322
275 320
275 319
261 305
260 305
250 295
250 294
247 291
247 290
246 289
246 288
245 287
245 286
244 285
244 283
243 282
243 279
242 278
242 266
243 265
243 261
244 260
244 258
245 257
245 255
246 254
246 252
247 251
247 250
248 249
248 248
249 247
249 246
250 245
250 244
251 243
251 242
252 241
252 240
253 239
253 238
255 236
255 235
256 234
256 233
258 231
258 230
259 229
259 228
260 227
260 226
262 224
262 223
263 222
263 221
264 220
264 219
265 218
265 216
266 215
266 214
267 213
267 211
268 210
268 209
269 208
269 205
270 204
270 200
271 199
271 192
