301 223
301 246
302 247
302 250
303 251
303 253
304 254
304 256
305 257
305 258
306 259
306 260
308 262
308 263
310 265
310 266
311 267
312 267
315 270
316 270
317 271
318 271
319 272
320 272
321 273
322 273
323 274
324 274
325 275
327 275
328 276
329 276
330 277
332 277
333 278
335 278
336 279
338 279
339 280
342 280
343 281
345 281
346 282
350 282
351 283
354 283
355 284
359 284
360 285
361 285
362 286
362 291
362 286
361 285
360 285
359 284
355 284
354 283
351 283
350 282
346 282
345 281
343 281
342 280
339 280
338 279
336 279
335 278
333 278
332 277
330 277
329 276
328 276
327 275
325 275
324 274
323 274
322 273
321 273
320 272
319 272
318 271
317 271
314 268
313 268
309 264
309 263
307 261
307 260
305 258
305 257
304 256
304 254
303 253
303 251
302 250
302 247
301 246
