559 158
558 159
557 159
556 160
555 160
552 163
552 164
551 165
551 166
550 167
550 176
551 177
551 179
552 180
552 182
553 183
553 184
554 185
554 188
555 189
555 194
554 195
554 196
553 197
554 198
556 198
560 194
561 194
562 193
563 193
564 192
568 192
569 191
574 191
575 190
577 190
578 189
579 189
581 187
581 186
582 185
582 180
581 179
581 177
580 176
580 175
579 174
578 174
577 173
576 173
575 172
574 172
573 171
572 171
571 172
572 171
573 171
574 172
575 172
576 173
577 173
581 177
581 179
582 180
582 185
581 186
581 187
579 189
578 189
577 190
575 190
574 191
569 191
568 192
564 192
563 193
562 193
561 194
560 194
559 195
558 195
557 196
557 197
556 198
554 198
553 197
554 196
554 195
555 194
555 189
554 188
554 185
553 184
553 183
552 182
552 180
551 179
551 177
550 176
550 167
551 166
551 165
557 159
558 159
559 158
563 158
568 163
568 166
569 167
569 172
569 167
568 166
568 163
567 162
567 161
565 159
564 159
563 158
