532 143
532 145
533 146
533 148
534 149
534 152
535 153
535 156
536 157
536 161
537 162
537 166
538 167
538 171
539 172
539 178
540 179
540 186
541 187
541 198
542 199
542 224
541 225
541 236
540 237
540 243
539 244
539 251
538 252
538 256
537 257
537 262
536 263
536 267
535 268
535 272
534 273
534 277
533 278
533 282
532 283
532 287
531 288
531 292
530 293
530 298
529 299
529 316
530 317
530 320
531 321
531 323
532 324
532 325
533 326
533 327
534 328
534 329
535 330
535 331
537 333
537 334
541 338
541 339
548 346
548 347
551 350
551 351
553 353
553 355
554 356
554 358
555 359
555 370
554 371
554 373
553 374
553 376
551 378
551 379
550 380
550 381
547 384
547 385
544 388
544 389
541 392
541 393
540 394
543 391
543 390
546 387
546 386
549 383
549 382
550 381
550 380
552 378
552 377
553 376
553 374
554 373
554 371
555 370
555 359
554 358
554 356
553 355
553 353
552 352
552 351
550 349
550 348
547 345
547 344
540 337
540 336
536 332
536 331
534 329
534 328
533 327
533 326
532 325
532 324
531 323
531 321
530 320
530 317
529 316
529 299
530 298
530 293
531 292
531 288
532 287
532 283
533 282
533 278
534 277
534 273
535 272
535 268
536 267
536 263
537 262
537 257
538 256
538 252
539 251
539 244
540 243
540 237
541 236
541 225
542 224
542 199
541 198
541 187
540 186
540 179
539 178
539 172
538 171
538 167
537 166
537 162
536 161
536 157
535 156
535 153
534 152
534 149
533 148
533 146
532 145
