436 132
435 133
435 156
434 157
434 207
435 208
435 211
436 212
436 214
437 215
437 217
438 218
438 220
439 221
439 222
440 223
440 224
441 225
441 226
442 227
442 228
444 230
444 231
446 233
446 234
447 235
447 236
450 239
450 240
451 241
451 242
453 244
453 245
455 247
455 248
456 249
456 250
457 251
457 252
458 253
458 255
459 256
458 255
458 253
457 252
457 251
456 250
456 249
455 248
455 247
454 246
454 245
452 243
452 242
450 240
450 239
449 238
449 237
446 234
446 233
445 232
445 231
443 229
443 228
441 226
441 225
440 224
440 223
439 222
439 221
438 220
438 218
437 217
437 215
436 214
436 212
435 211
435 208
434 207
434 157
435 156
435 133
436 132
437 132
