437 201
437 207
438 208
438 211
439 212
439 214
440 215
440 217
441 218
441 219
442 220
442 221
443 222
443 223
444 224
444 225
445 226
445 227
446 228
446 229
448 231
448 232
450 234
450 235
452 237
452 238
454 240
454 241
456 243
456 244
457 245
457 246
458 247
458 248
459 249
459 250
460 251
460 252
461 253
461 255
461 253
460 252
460 251
459 250
459 249
458 248
458 247
457 246
457 245
456 244
456 243
455 242
455 241
453 239
453 238
451 236
451 235
449 233
449 232
447 230
447 229
445 227
445 226
444 225
444 224
443 223
443 222
442 221
442 220
441 219
441 218
440 217
440 215
439 214
439 212
438 211
438 208
437 207
