358 287
359 288
359 290
360 291
360 294
359 295
359 298
356 301
354 301
353 302
352 302
351 303
350 303
349 304
348 304
347 305
346 305
345 306
344 306
343 307
342 307
341 308
340 308
339 309
338 309
337 310
336 310
335 311
334 311
333 312
332 312
331 313
330 313
328 315
327 315
325 317
324 317
322 319
321 319
313 327
313 328
311 330
311 331
309 333
309 334
308 335
308 336
307 337
307 339
306 340
306 342
305 343
305 346
304 347
304 360
305 361
307 361
307 347
308 346
308 343
309 342
309 341
310 340
310 338
312 336
312 335
313 334
313 333
316 330
316 329
322 323
323 323
326 320
327 320
330 317
331 317
332 318
332 319
333 320
333 321
335 323
335 324
336 325
336 326
337 327
337 329
338 330
338 331
339 332
339 333
340 334
340 336
341 337
341 338
342 339
342 341
343 342
343 344
344 345
344 348
345 349
345 351
346 352
346 357
347 358
347 359
349 359
349 354
349 358
348 359
346 357
346 352
345 351
345 349
344 348
344 345
343 344
343 342
342 341
342 339
341 338
341 337
340 336
340 334
339 333
339 332
338 331
338 330
337 329
337 327
336 326
336 325
335 324
335 323
334 322
334 321
332 319
332 318
331 317
330 317
329 318
328 318
325 321
324 321
321 324
320 324
317 327
317 328
314 331
314 332
313 333
313 334
311 336
311 337
310 338
310 340
309 341
309 342
308 343
308 346
307 347
307 360
306 361
305 361
304 360
304 347
305 346
305 343
306 342
306 340
307 339
307 337
308 336
308 335
310 333
310 332
312 330
312 329
323 318
324 318
326 316
327 316
329 314
330 314
332 312
333 312
334 311
335 311
336 310
337 310
338 309
339 309
340 308
341 308
342 307
343 307
344 306
345 306
346 305
347 305
348 304
349 304
350 303
351 303
352 302
353 302
354 301
356 301
357 300
358 300
359 299
359 295
360 294
360 291
359 290
359 287
