115 0
114 1
112 1
111 2
110 2
107 5
104 5
103 6
102 6
102 7
101 8
101 9
100 10
100 16
98 18
97 18
95 20
90 20
89 21
87 21
86 22
85 22
84 23
84 24
83 25
82 24
81 24
80 23
80 22
78 20
73 20
72 21
72 23
69 26
69 27
68 28
68 30
67 31
63 27
63 26
60 23
59 23
58 22
54 22
54 25
52 27
50 25
50 24
48 22
43 22
35 30
35 32
34 33
33 32
32 32
30 30
29 30
25 26
24 26
22 24
21 24
20 23
19 23
18 22
12 22
11 23
10 23
10 24
7 27
7 28
2 33
1 33
1 34
0 35
0 42
6 48
6 49
11 54
11 55
13 57
13 58
15 60
15 61
16 62
16 65
18 67
18 68
19 69
19 70
23 70
25 68
25 67
26 66
26 65
27 64
30 67
30 71
27 74
27 75
26 76
26 80
25 81
25 88
31 94
31 95
35 99
36 99
37 100
37 101
38 101
39 102
41 102
42 103
46 103
48 105
49 105
50 106
51 106
54 109
59 109
61 107
62 107
65 104
66 104
67 103
68 103
68 102
69 101
70 101
70 100
71 99
73 99
74 98
78 98
80 100
81 100
86 105
87 105
88 106
88 107
90 109
87 112
85 112
83 114
83 118
85 120
90 120
91 121
92 121
93 122
93 123
95 125
95 128
99 128
102 131
102 134
101 135
100 135
100 136
99 137
98 137
97 138
96 138
96 142
97 143
96 144
94 144
90 148
88 146
86 146
85 145
83 145
82 144
69 144
68 145
68 151
70 153
67 156
67 157
65 159
64 159
63 160
63 164
64 164
65 165
66 165
68 167
69 167
70 168
71 168
72 169
74 169
77 172
78 172
81 175
82 175
83 176
85 176
91 182
92 182
93 183
98 183
99 184
100 184
101 185
103 185
104 186
105 186
106 187
108 187
111 190
110 191
110 194
109 195
109 199
110 200
110 201
113 204
113 205
114 206
114 207
115 208
115 209
116 209
117 210
120 210
121 211
123 211
124 212
125 212
127 214
127 215
128 216
128 217
129 218
129 224
130 225
130 226
132 228
133 228
137 232
137 233
138 234
139 234
140 235
140 236
143 239
143 240
145 242
146 242
148 244
148 245
149 245
150 246
154 246
155 247
155 249
160 254
160 255
164 259
164 261
163 262
163 268
164 269
164 270
165 271
165 272
167 274
167 275
168 276
168 277
170 279
177 279
181 283
183 283
184 284
184 285
185 285
187 287
188 287
190 289
191 289
192 290
193 290
195 292
197 292
198 293
197 294
197 296
195 298
192 298
191 299
190 299
189 300
189 305
190 306
190 308
193 311
193 312
198 317
199 317
200 318
201 318
205 322
205 323
208 326
206 328
205 328
204 329
204 330
203 331
202 331
202 351
201 352
201 354
200 355
199 355
197 357
197 361
196 362
196 375
199 378
199 388
200 389
201 389
203 391
203 392
206 395
206 396
205 397
205 401
204 402
204 403
202 405
202 412
201 413
201 417
200 418
199 418
199 427
203 427
204 428
204 429
205 430
205 432
204 433
204 434
203 435
203 438
202 439
201 439
198 442
197 441
192 441
191 442
188 442
188 443
186 445
185 445
183 447
183 448
181 450
179 450
178 451
177 451
176 452
174 452
173 453
166 453
165 454
160 454
159 455
159 460
160 461
160 465
159 466
158 465
157 465
156 464
156 463
154 463
153 462
144 462
143 463
141 463
141 464
140 465
140 467
139 468
136 468
135 469
135 474
136 475
136 476
137 476
138 477
138 478
137 479
137 485
140 488
141 488
144 491
144 492
145 493
148 493
149 494
149 495
148 496
148 501
147 502
144 499
144 498
139 498
138 497
138 496
137 495
137 494
136 493
130 493
128 495
120 495
119 496
118 496
116 498
115 498
114 497
113 497
112 496
107 496
107 499
105 501
105 504
98 511
91 511
90 512
88 512
87 513
86 513
85 514
84 514
84 515
82 517
82 522
83 523
83 524
85 526
85 529
86 530
94 530
95 529
96 529
98 531
98 532
99 532
101 534
102 534
103 535
100 538
100 540
99 541
99 542
97 544
97 545
96 546
96 563
95 564
95 565
94 566
94 584
95 585
91 589
91 593
92 594
102 594
103 593
105 593
107 591
108 591
109 590
110 590
111 589
112 589
117 584
117 583
118 582
118 579
119 578
119 577
120 576
120 575
124 571
125 571
127 569
133 569
134 568
137 568
138 567
140 567
141 566
143 566
144 565
146 565
147 564
148 564
149 563
149 561
151 559
151 553
152 552
154 554
155 554
156 555
160 555
162 553
163 553
164 552
165 552
167 550
167 545
166 544
167 543
170 543
170 537
173 534
174 534
174 526
173 525
173 524
174 523
175 523
175 520
176 519
182 519
183 518
184 519
184 523
188 523
189 522
191 522
192 521
194 521
195 520
197 520
198 519
199 519
200 518
201 519
214 519
215 520
220 520
221 519
221 515
222 514
223 515
223 519
237 519
237 511
230 511
229 510
229 509
221 509
220 508
221 507
243 507
244 508
244 513
245 514
254 514
254 508
255 507
262 507
263 508
268 508
268 507
269 506
269 504
270 503
270 499
265 499
264 498
263 498
262 497
253 497
251 499
250 499
249 498
249 496
245 496
245 498
244 499
243 498
243 497
239 497
238 496
239 495
240 495
243 492
244 492
246 490
247 490
247 489
248 488
251 488
252 489
252 491
278 491
278 484
277 483
268 483
267 482
265 482
264 481
264 475
267 472
268 472
269 471
269 468
270 467
270 461
272 459
272 450
271 449
272 448
304 448
305 449
305 450
309 450
311 448
311 440
296 440
295 439
295 438
288 438
288 439
287 440
282 440
281 439
281 437
277 437
276 438
274 438
273 437
273 432
272 431
272 429
273 428
273 427
278 422
279 422
280 421
280 415
279 414
279 413
278 412
278 411
277 410
277 408
275 406
275 404
274 403
274 401
273 400
273 391
272 390
272 383
273 382
273 376
272 375
272 373
270 371
270 369
269 368
269 362
267 360
267 359
266 358
266 357
265 356
265 349
264 348
264 346
263 345
263 340
257 334
257 322
251 316
251 315
245 309
246 308
248 308
249 307
252 307
253 308
261 308
261 300
256 300
255 299
255 298
250 298
250 299
249 300
248 299
248 298
244 298
244 299
243 300
242 299
242 298
236 298
235 297
236 296
257 296
258 297
263 297
264 296
264 288
252 288
251 287
251 286
242 286
242 287
241 288
238 288
236 286
229 286
228 287
227 286
227 285
226 285
225 284
225 283
223 281
224 280
229 280
229 273
228 272
221 272
220 271
211 271
210 272
208 272
205 269
205 268
202 265
201 265
200 264
199 264
186 251
186 250
184 248
183 248
182 247
182 246
172 236
171 236
169 234
169 233
168 232
168 231
167 230
167 229
164 226
164 225
163 224
165 222
165 213
164 213
159 208
157 208
153 204
152 204
151 203
151 202
149 202
147 200
146 200
143 197
143 196
140 193
140 192
139 191
139 186
140 185
151 185
151 178
150 177
149 177
148 176
148 175
144 175
144 176
143 177
142 176
133 176
132 175
133 174
133 173
137 169
137 168
138 167
138 160
139 159
139 149
141 147
142 147
144 145
145 146
145 148
185 148
185 141
184 140
178 140
177 139
177 138
168 138
168 139
167 140
166 139
166 138
165 137
161 137
161 139
160 140
154 140
153 139
153 135
154 134
156 134
157 133
158 133
165 126
165 125
166 124
167 124
167 122
168 121
168 112
169 111
171 111
172 110
173 110
175 108
205 108
206 109
206 110
212 110
213 109
213 101
212 100
198 100
197 99
197 98
194 98
193 97
194 96
219 96
220 97
220 98
225 98
227 96
235 96
236 97
236 98
241 98
242 97
242 94
243 93
243 88
233 88
232 87
226 87
225 88
213 88
211 86
213 84
213 83
214 82
219 82
219 78
215 78
214 77
215 76
221 76
221 72
220 71
220 70
218 68
217 68
216 67
209 67
208 68
202 68
201 69
200 68
197 68
196 67
195 67
194 66
194 65
189 65
187 63
187 62
186 61
186 57
185 56
183 56
182 55
179 55
178 54
174 54
171 51
171 42
167 38
167 35
168 34
172 34
172 33
173 32
173 31
174 30
174 29
175 28
175 21
174 20
173 20
172 19
171 19
169 17
161 17
159 19
158 18
157 18
154 15
153 15
152 14
145 14
145 15
144 16
143 16
142 15
141 15
140 14
138 14
137 13
136 13
134 11
133 11
132 10
131 10
128 7
128 6
122 0
