333 448
333 449
332 450
331 450
330 451
327 451
325 453
325 459
329 459
329 458
331 456
331 455
332 454
335 454
336 455
336 460
335 461
332 461
331 462
330 461
326 461
326 466
323 469
323 471
322 472
318 472
317 473
317 474
316 475
316 477
315 478
313 478
313 483
316 483
317 484
316 485
316 489
315 490
311 490
311 492
310 493
310 495
309 496
307 496
307 501
310 501
311 502
310 503
310 507
315 507
315 506
318 503
322 503
322 502
323 501
324 501
325 502
325 507
329 507
331 505
331 504
332 503
336 503
337 502
337 497
338 496
338 495
339 494
344 494
344 489
345 488
347 488
347 484
345 484
344 483
344 477
345 476
345 472
346 471
347 471
347 465
346 464
346 459
345 458
345 457
343 457
342 456
342 451
338 451
337 450
337 448
