363 275
363 277
365 279
363 281
363 285
362 286
362 290
361 291
361 296
360 297
359 296
359 283
356 280
349 280
348 281
347 281
346 282
346 285
345 286
344 285
344 280
339 280
338 281
337 281
336 280
331 280
331 282
330 283
330 285
331 286
331 304
344 304
344 300
345 299
346 300
346 302
348 304
349 304
350 305
355 305
356 304
357 304
359 302
360 303
360 304
366 304
366 301
367 300
369 302
369 304
381 304
381 300
382 299
383 300
383 302
384 303
384 304
391 304
391 303
392 302
393 303
393 304
394 304
395 305
399 305
400 304
405 304
405 291
399 291
398 290
398 287
399 286
400 287
400 289
405 289
405 282
404 281
403 281
402 280
395 280
394 281
393 281
393 282
392 283
391 282
391 281
390 280
385 280
385 285
384 286
383 285
383 283
382 282
382 280
375 280
375 293
374 294
373 293
373 288
372 287
372 283
371 282
371 280
370 280
369 279
369 275
