338 452
338 454
337 455
337 458
338 458
339 459
337 461
337 464
336 465
335 464
335 462
333 462
331 464
330 464
329 463
329 462
327 462
327 464
328 465
327 466
327 467
324 470
324 474
326 476
328 476
329 475
332 475
332 470
334 468
334 466
335 465
336 466
336 470
339 470
341 472
341 474
342 475
341 476
340 476
338 474
336 474
336 477
338 477
339 478
339 479
338 480
338 482
337 483
336 482
334 482
333 483
333 485
332 486
332 487
331 488
330 488
330 490
329 491
327 491
326 492
326 496
325 497
323 497
323 500
325 500
325 498
326 497
330 497
330 493
331 492
332 492
332 489
333 488
337 488
337 486
338 485
338 483
339 482
343 482
343 477
342 476
343 475
344 475
344 471
345 470
346 470
346 466
345 465
345 460
344 459
344 458
342 458
341 457
341 452
