116 1
115 2
113 2
112 3
111 3
108 6
105 6
104 7
103 7
103 8
102 9
102 10
101 11
101 17
99 19
98 19
96 21
91 21
90 22
88 22
87 23
86 23
85 24
85 26
84 27
83 26
82 26
81 25
80 25
79 24
79 23
77 21
74 21
73 22
73 24
70 27
70 28
69 29
69 31
67 33
62 28
62 27
59 24
58 24
57 23
55 23
55 26
53 28
53 29
52 30
50 28
50 27
49 26
49 25
47 23
44 23
36 31
36 33
34 35
32 33
31 33
29 31
28 31
24 27
23 27
21 25
20 25
19 24
18 24
17 23
13 23
12 24
11 24
11 25
8 28
8 29
3 34
2 34
2 35
1 36
1 41
7 47
7 48
12 53
12 54
14 56
14 57
16 59
16 60
17 61
17 64
19 66
19 67
20 68
20 69
22 69
24 67
24 66
25 65
25 63
26 62
27 63
28 63
31 66
31 72
28 75
28 76
27 77
27 81
26 82
26 87
32 93
32 94
36 98
37 98
38 99
38 100
39 100
40 101
42 101
43 102
47 102
49 104
50 104
51 105
52 105
55 108
58 108
60 106
61 106
64 103
65 103
66 102
67 102
67 101
68 100
69 100
69 99
70 98
72 98
73 97
79 97
81 99
82 99
87 104
88 104
89 105
89 106
91 108
91 109
92 110
91 111
90 111
88 113
86 113
84 115
84 117
86 119
91 119
92 120
93 120
94 121
94 122
96 124
96 127
100 127
103 130
103 135
102 136
101 136
101 137
100 138
99 138
98 139
97 139
97 141
99 143
97 145
95 145
90 150
89 150
88 149
88 148
87 147
85 147
84 146
82 146
81 145
70 145
69 146
69 150
72 153
68 157
68 158
66 160
65 160
64 161
64 163
65 163
66 164
67 164
69 166
70 166
71 167
72 167
73 168
75 168
78 171
79 171
82 174
83 174
84 175
86 175
92 181
93 181
94 182
99 182
100 183
101 183
102 184
104 184
105 185
106 185
107 186
109 186
112 189
112 191
111 192
111 195
110 196
110 198
111 199
111 200
114 203
114 204
115 205
115 206
116 207
116 208
117 208
118 209
121 209
122 210
124 210
125 211
126 211
128 213
128 214
129 215
129 216
130 217
130 223
131 224
131 225
133 227
134 227
138 231
138 232
139 233
140 233
141 234
141 235
144 238
144 239
146 241
147 241
149 243
149 244
150 244
151 245
155 245
156 246
156 248
161 253
161 254
165 258
165 262
164 263
164 267
165 268
165 269
166 270
166 271
168 273
168 274
169 275
169 276
171 278
176 278
176 277
177 276
179 278
179 279
182 282
184 282
185 283
185 284
186 284
188 286
189 286
191 288
192 288
193 289
194 289
196 291
198 291
200 293
198 295
198 297
196 299
193 299
192 300
191 300
190 301
190 304
191 305
191 307
194 310
194 311
199 316
200 316
201 317
202 317
206 321
206 322
209 325
209 327
207 329
206 329
205 330
205 331
204 332
203 332
203 339
204 340
203 341
203 352
202 353
202 355
201 356
200 356
198 358
198 362
197 363
197 374
200 377
200 387
201 388
202 388
204 390
204 391
207 394
207 397
206 398
206 402
205 403
205 404
203 406
203 413
202 414
202 418
201 419
200 419
200 426
204 426
205 427
205 428
206 429
206 430
207 431
207 432
205 434
205 435
204 436
204 439
203 440
202 440
199 443
197 443
196 442
193 442
192 443
189 443
189 444
187 446
186 446
184 448
184 449
182 451
180 451
179 452
178 452
177 453
175 453
174 454
167 454
166 455
161 455
160 456
160 459
161 460
161 464
162 465
162 466
161 467
158 467
157 466
156 466
155 465
155 464
153 464
152 463
145 463
144 464
142 464
142 465
141 466
141 468
140 469
137 469
136 470
136 473
137 474
137 475
138 475
140 477
140 478
138 480
138 484
141 487
142 487
145 490
145 491
146 492
149 492
150 493
150 496
149 497
149 499
150 500
150 501
147 504
143 500
143 499
141 499
140 500
139 500
137 498
137 497
136 496
136 495
135 494
131 494
129 496
121 496
120 497
119 497
118 498
118 499
117 500
116 500
115 499
114 499
113 498
112 498
111 497
108 497
108 500
106 502
106 505
99 512
92 512
91 513
89 513
88 514
87 514
86 515
85 515
85 516
83 518
83 521
84 522
84 523
86 525
86 528
87 529
93 529
94 528
97 528
99 530
99 531
100 531
102 533
103 533
104 534
105 534
106 535
106 536
105 537
103 537
101 539
101 541
100 542
100 543
98 545
98 546
97 547
97 564
96 565
96 566
95 567
95 583
97 585
92 590
92 592
93 593
101 593
102 592
104 592
106 590
107 590
108 589
109 589
110 588
111 588
116 583
116 582
117 581
117 578
118 577
118 576
119 575
119 574
123 570
124 570
126 568
132 568
133 567
136 567
137 566
139 566
140 565
142 565
143 564
145 564
146 563
147 563
148 562
148 560
150 558
150 553
149 552
149 551
150 550
151 551
153 551
155 553
156 553
157 554
159 554
161 552
162 552
163 551
164 551
166 549
166 546
164 544
163 544
162 543
162 542
161 541
161 540
162 539
163 539
166 542
169 542
169 538
168 537
172 533
173 533
173 527
171 525
172 524
172 523
173 522
174 522
174 518
175 517
176 517
177 518
181 518
183 516
184 516
186 518
185 519
185 522
187 522
188 521
190 521
191 520
193 520
194 519
196 519
197 518
198 518
200 516
201 516
202 517
202 518
205 518
206 517
207 517
208 518
215 518
216 519
219 519
220 518
220 512
212 512
211 511
213 509
215 509
216 508
217 508
218 507
219 507
220 506
231 506
231 498
232 497
233 498
233 506
235 506
236 505
237 505
238 506
246 506
247 507
245 509
245 512
246 513
253 513
253 508
251 506
251 501
250 500
249 500
248 499
248 497
246 497
246 499
245 500
243 500
242 499
242 498
235 498
234 497
236 495
237 495
238 494
239 494
242 491
243 491
245 489
246 489
246 488
247 487
250 487
251 486
251 485
252 484
253 485
253 490
255 490
256 489
257 489
258 490
266 490
266 483
264 483
263 482
263 474
266 471
267 471
268 470
268 467
269 466
269 460
271 458
271 451
270 450
270 448
271 447
274 447
274 446
275 445
276 446
276 447
287 447
287 442
286 441
281 441
280 440
280 438
278 438
277 439
276 439
275 440
274 439
271 439
271 440
270 441
269 441
268 440
268 438
270 436
272 436
272 433
271 432
271 431
270 430
270 429
272 427
272 426
277 421
278 421
279 420
279 416
278 415
278 414
277 413
277 412
276 411
276 409
274 407
274 405
273 404
273 402
272 401
272 392
271 391
271 382
272 381
272 377
271 376
271 374
269 372
269 370
268 369
268 363
266 361
266 360
265 359
265 358
264 357
264 350
263 349
263 347
262 346
262 341
256 335
256 323
250 317
250 316
243 309
242 309
241 308
242 307
247 307
247 299
245 299
245 300
244 301
242 301
241 300
241 299
239 299
239 300
238 301
237 300
237 299
235 299
234 298
234 296
236 294
237 294
238 295
241 295
241 293
242 292
243 293
243 295
245 295
246 294
247 294
248 295
258 295
259 296
262 296
263 295
263 289
251 289
250 288
250 287
243 287
243 289
242 290
241 289
237 289
235 287
230 287
230 289
229 290
226 287
226 286
225 286
224 285
224 284
221 281
218 281
217 282
216 282
215 281
215 278
216 277
217 278
217 279
228 279
228 274
227 273
220 273
219 272
217 272
217 273
216 274
215 273
215 272
212 272
212 273
211 274
210 274
209 273
207 273
204 270
204 269
201 266
200 266
199 265
198 265
185 252
185 251
183 249
182 249
181 248
181 247
171 237
170 237
168 235
168 234
167 233
167 232
166 231
166 230
163 227
163 226
162 225
162 223
164 221
164 214
163 214
158 209
156 209
152 205
151 205
150 204
150 203
148 203
146 201
145 201
142 198
142 197
139 194
139 193
138 192
138 187
137 187
135 185
136 184
150 184
150 179
149 178
148 178
147 177
147 176
145 176
145 177
144 178
142 178
141 177
137 177
137 178
136 179
135 178
135 177
133 177
133 178
132 179
129 176
132 173
132 172
136 168
136 167
137 166
137 159
138 158
138 148
140 146
141 146
143 144
143 142
144 141
146 143
146 147
167 147
167 142
165 140
165 139
164 138
162 138
162 140
161 141
153 141
152 140
152 138
149 138
148 139
145 139
144 138
144 137
145 136
151 136
152 135
152 134
153 133
155 133
156 132
157 132
164 125
164 124
165 123
166 123
166 121
167 120
167 111
168 110
170 110
171 109
172 109
174 107
176 107
176 106
177 105
178 106
178 107
191 107
192 106
193 106
194 107
206 107
207 108
207 109
211 109
212 108
212 102
211 101
208 101
207 102
206 101
197 101
196 100
196 99
194 99
193 100
189 100
188 101
187 100
184 100
183 101
182 101
180 99
180 98
182 96
183 96
184 95
185 95
186 96
186 97
187 98
189 98
191 96
192 96
193 95
198 95
198 94
199 93
200 94
200 95
206 95
206 90
205 89
204 89
203 88
203 86
202 85
200 85
199 86
199 87
198 88
197 88
196 87
196 85
198 83
204 83
204 82
205 81
206 81
207 80
208 80
209 79
210 80
210 81
208 83
208 86
210 86
210 85
212 83
212 80
211 80
210 79
214 75
220 75
220 73
219 72
219 71
217 69
216 69
215 68
210 68
209 69
203 69
202 70
200 70
199 69
196 69
195 68
194 68
193 67
193 66
188 66
186 64
186 63
184 61
185 60
185 58
184 57
182 57
181 56
178 56
177 55
173 55
170 52
170 51
169 50
169 49
170 48
170 43
166 39
166 34
168 32
169 33
171 33
171 32
172 31
172 30
173 29
173 28
174 27
174 22
173 21
172 21
171 20
170 20
168 18
162 18
160 20
158 20
157 19
156 19
153 16
152 16
151 15
146 15
146 16
145 17
142 17
141 16
140 16
139 15
137 15
136 14
135 14
133 12
132 12
131 11
130 11
127 8
127 7
121 1
