115 19
111 23
109 23
108 24
107 24
105 26
103 26
102 27
101 27
99 29
99 30
98 31
98 33
99 34
99 37
98 38
97 38
94 41
90 41
89 42
88 42
86 44
85 44
84 45
83 45
82 44
82 41
77 41
76 42
75 42
73 44
73 45
72 46
72 48
71 49
71 51
69 53
66 50
66 47
64 45
64 44
62 42
59 42
57 44
57 46
56 47
55 47
54 46
54 44
53 43
53 42
52 41
49 41
47 43
47 46
46 47
45 47
43 49
43 50
42 51
42 53
40 55
39 55
35 51
35 50
31 46
30 46
29 45
28 45
27 44
26 44
25 43
20 43
19 44
19 45
18 46
18 47
17 48
17 49
15 51
15 52
14 53
13 53
13 54
12 55
9 55
9 59
10 60
10 61
12 63
12 64
13 64
18 69
18 70
20 72
20 74
21 75
21 76
22 77
23 77
24 78
24 79
25 80
25 86
26 87
30 87
31 86
31 85
32 84
33 85
33 86
35 86
36 87
36 90
33 93
33 99
32 100
32 105
34 107
34 108
35 109
35 111
39 115
39 117
40 118
42 118
44 120
44 121
45 122
46 122
47 123
51 123
52 122
56 126
57 126
59 128
61 128
63 126
63 124
64 123
64 122
66 120
67 120
68 119
72 119
75 116
76 117
77 117
83 123
84 123
85 124
85 125
87 127
89 127
90 128
90 129
85 134
84 134
83 135
83 139
84 140
88 140
89 139
90 139
91 140
90 141
90 145
92 147
93 147
94 148
95 148
96 149
97 149
98 150
100 150
102 152
101 153
101 154
98 157
98 160
94 164
93 164
92 165
92 166
91 167
91 168
90 169
89 169
88 168
86 168
85 167
83 167
82 166
73 166
72 167
71 167
71 172
72 173
70 175
70 176
67 179
66 179
65 180
65 183
67 185
68 185
69 186
71 186
72 187
73 187
77 191
78 191
83 196
85 196
91 202
92 202
93 203
94 203
95 204
98 204
99 205
101 205
102 206
103 206
104 207
105 207
106 208
107 208
108 209
107 210
107 211
106 212
106 218
107 219
107 220
108 221
108 222
111 225
112 225
113 226
113 227
114 228
115 228
116 229
118 229
120 231
120 232
121 233
121 234
123 236
123 239
124 240
124 241
126 243
126 245
127 246
127 247
130 250
131 250
132 251
132 252
135 255
135 256
138 259
138 260
144 266
146 266
148 268
148 270
149 271
149 272
151 274
151 275
152 276
153 276
155 278
155 286
156 287
156 290
159 293
159 297
160 298
164 298
166 296
167 297
167 299
168 300
168 301
170 303
173 303
176 306
176 309
177 309
178 310
179 310
182 313
186 313
187 314
187 315
186 316
186 317
185 318
184 318
183 319
182 319
181 320
180 320
178 322
178 324
179 325
179 327
181 329
181 330
182 331
182 332
184 334
184 335
187 335
189 337
189 338
191 340
192 340
193 341
193 350
191 352
189 352
188 353
188 356
189 357
189 358
191 360
190 361
190 365
191 366
191 371
190 372
190 375
186 379
186 383
185 384
185 387
184 388
184 394
187 397
187 403
189 405
189 406
190 407
190 408
192 410
192 413
193 414
193 421
192 422
192 423
191 424
191 425
190 426
190 427
189 428
189 430
188 431
188 438
189 439
189 440
190 441
190 442
191 443
191 449
192 450
192 454
191 455
191 457
190 458
190 459
187 462
185 462
184 461
180 461
179 462
178 462
169 471
163 471
161 473
160 473
158 475
151 475
151 477
150 478
150 484
148 486
147 485
146 485
145 484
142 484
141 483
136 483
134 485
134 486
133 487
129 487
129 491
130 492
130 493
131 494
131 497
130 498
130 502
131 503
131 504
135 508
135 509
136 510
138 510
141 513
141 514
140 515
140 520
139 521
136 518
132 518
129 515
129 512
124 512
122 514
114 514
110 518
109 517
107 517
105 515
101 515
100 516
100 520
101 521
101 524
100 525
99 525
96 528
96 529
93 532
90 532
89 531
84 531
83 532
82 532
82 533
80 535
77 535
77 539
79 539
80 540
80 543
81 544
82 544
83 545
82 546
80 546
80 547
79 548
79 550
80 550
81 551
81 553
83 553
83 551
82 551
81 550
81 549
82 548
83 549
86 549
89 546
90 546
92 548
92 549
94 551
97 551
98 552
99 552
101 554
100 555
99 555
98 556
98 557
97 558
96 558
95 559
94 559
94 560
93 561
93 564
92 565
92 571
91 572
91 584
90 585
90 603
91 604
91 606
89 608
88 608
88 611
89 611
90 612
95 612
96 611
97 611
98 610
101 610
102 609
103 609
104 608
104 607
107 604
109 604
110 603
110 602
111 601
111 600
112 599
112 597
113 596
113 595
114 594
114 593
117 590
118 590
119 589
121 589
122 588
124 588
125 587
126 587
127 586
128 586
129 585
130 585
131 584
133 584
134 583
135 583
136 582
138 582
139 581
141 581
142 580
143 580
143 577
144 576
144 575
145 574
146 574
147 573
153 573
156 570
156 564
154 562
155 561
160 561
160 557
159 556
160 555
160 554
161 553
163 553
164 552
164 540
165 539
171 539
171 538
172 537
173 537
174 538
173 539
173 542
176 542
178 540
182 540
182 539
183 538
184 538
185 537
187 537
188 536
189 536
190 535
191 535
196 530
199 530
201 528
202 528
204 526
205 527
208 527
209 526
209 523
210 522
210 521
211 520
211 519
212 518
214 518
215 517
216 517
217 518
219 518
220 517
220 515
221 514
223 514
226 511
226 510
228 508
231 508
232 507
235 507
235 505
238 502
244 502
244 493
246 491
249 491
250 490
250 488
251 487
251 486
252 485
252 482
251 481
252 480
253 480
254 479
254 475
252 473
252 472
251 471
252 470
252 468
253 467
255 467
255 464
252 464
251 463
253 461
254 461
254 460
255 459
255 457
254 456
254 454
255 453
256 454
259 454
259 452
260 451
260 447
259 446
259 445
257 443
257 442
259 440
260 440
260 437
258 435
258 434
257 433
257 432
256 431
256 430
254 428
254 418
255 417
255 415
254 414
254 411
255 410
256 410
256 408
254 408
253 409
252 408
252 405
253 404
254 404
254 398
253 397
253 393
252 392
252 391
253 390
254 390
254 388
252 388
250 386
250 382
248 380
248 379
247 378
247 375
246 374
246 364
245 363
245 362
242 359
242 358
241 357
241 356
240 355
240 350
239 349
239 348
241 346
241 344
240 344
239 343
239 341
238 340
238 339
237 338
237 337
234 337
232 335
231 335
230 334
230 333
228 331
228 330
225 327
225 326
224 325
224 324
223 323
223 322
222 321
222 319
221 319
220 318
220 317
217 314
217 313
218 312
219 312
219 309
218 309
217 308
215 308
214 307
214 306
213 306
209 302
209 301
207 301
206 300
205 300
204 299
204 298
203 297
202 297
197 292
194 292
193 291
193 290
191 288
190 288
187 285
186 285
184 283
184 282
177 275
177 273
176 272
176 271
172 267
171 267
162 258
162 257
160 255
160 254
158 252
158 251
157 250
157 249
156 248
156 247
155 246
155 245
154 244
154 241
155 240
155 235
154 234
154 233
153 232
153 231
152 230
150 230
149 229
149 228
146 225
145 225
144 224
142 224
138 220
138 219
135 216
135 215
134 214
134 213
132 211
132 210
131 209
131 205
130 204
130 203
128 201
128 200
126 198
126 197
125 196
125 194
127 192
128 192
129 191
129 188
130 187
130 186
131 185
131 180
132 179
132 170
135 167
135 165
136 164
136 163
137 162
137 158
138 157
139 158
141 158
142 157
144 157
150 151
150 150
151 149
151 148
152 147
155 147
156 146
158 146
158 145
159 144
159 132
160 131
162 131
162 130
165 127
165 124
166 123
167 124
167 125
170 125
172 127
175 127
175 126
176 125
178 125
178 124
180 122
180 118
181 117
182 118
182 119
183 119
184 120
184 121
183 122
183 124
186 124
186 121
187 120
188 121
188 123
190 123
190 122
192 120
192 117
194 115
194 111
195 110
196 110
196 108
195 108
194 107
193 107
191 105
192 104
193 104
194 103
195 103
196 102
197 103
197 104
199 104
201 102
206 102
207 101
207 97
208 96
208 94
202 88
199 88
198 89
197 89
196 90
194 90
193 91
191 91
189 89
185 89
184 88
184 86
180 86
175 81
175 79
174 78
172 78
169 75
165 75
163 73
163 72
162 71
162 62
161 62
158 59
158 57
159 56
159 55
161 53
163 53
164 52
164 50
165 49
165 48
166 47
166 46
167 45
167 43
166 43
162 39
161 39
160 38
159 38
158 37
156 37
155 38
154 38
153 39
152 39
151 40
147 36
146 36
145 35
139 35
138 36
137 36
136 37
135 37
130 32
128 32
127 31
126 31
125 30
125 28
123 26
123 25
121 23
121 22
118 19
