367 431
367 432
366 433
363 433
363 451
362 452
361 451
361 434
360 433
356 433
355 434
355 436
354 437
353 436
353 435
352 434
351 434
350 433
341 433
341 457
346 457
346 448
347 447
348 448
348 456
349 457
354 457
354 453
355 452
356 453
356 454
357 455
357 456
358 456
359 457
365 457
366 456
367 456
368 455
368 444
369 443
370 444
370 452
371 453
371 454
372 455
372 456
373 456
374 457
380 457
381 456
382 456
383 455
383 437
384 436
385 437
385 457
390 457
390 449
391 448
392 449
392 451
393 452
393 454
394 455
394 457
400 457
400 433
395 433
395 441
394 442
393 441
393 438
392 437
392 435
391 434
391 433
386 433
385 434
384 433
384 431
381 431
381 432
380 433
374 433
373 434
372 433
372 431
